directed
0 28 0
0 106 0
0 141 0
0 219 0
0 231 0
0 243 0
0 278 0
0 334 0
0 343 0
0 484 0
0 492 0
0 511 0
0 537 0
0 545 0
0 565 0
0 607 0
0 677 0
0 727 0
0 870 0
0 928 0
1 15 0
1 131 0
1 169 0
1 173 0
1 263 0
1 306 0
1 367 0
1 425 0
1 476 0
1 535 0
1 559 0
1 615 0
1 621 0
1 622 0
1 657 0
1 671 0
1 673 0
1 682 0
1 693 0
1 863 0
1 882 0
1 911 0
1 994 0
2 98 0
2 153 0
2 201 0
2 221 0
2 265 0
2 266 0
2 324 0
2 431 0
2 439 0
2 445 0
2 467 0
2 529 0
2 561 0
2 681 0
2 855 0
2 865 0
2 896 0
2 918 0
2 934 0
2 969 0
2 991 0
3 20 0
3 40 0
3 72 0
3 167 0
3 300 0
3 353 0
3 436 0
3 453 0
3 464 0
3 482 0
3 538 0
3 631 0
3 684 0
3 699 0
3 782 0
3 801 0
3 879 0
3 889 0
4 189 0
4 195 0
4 289 0
4 491 0
4 520 0
4 573 0
4 621 0
4 657 0
4 690 0
4 734 0
4 735 0
4 739 0
4 772 0
4 825 0
4 863 0
4 916 0
4 931 0
4 951 0
5 42 0
5 105 0
5 121 0
5 224 0
5 236 0
5 249 0
5 555 0
5 613 0
5 629 0
5 670 0
5 680 0
5 735 0
5 759 0
5 767 0
5 768 0
6 137 0
6 139 0
6 140 0
6 173 0
6 178 0
6 250 0
6 308 0
6 309 0
6 330 0
6 345 0
6 528 0
6 572 0
6 690 0
6 817 0
6 898 0
6 908 0
7 33 0
7 60 0
7 119 0
7 143 0
7 237 0
7 264 0
7 276 0
7 277 0
7 403 0
7 412 0
7 415 0
7 468 0
7 499 0
7 578 0
7 607 0
7 711 0
7 745 0
7 768 0
7 786 0
7 860 0
7 867 0
7 876 0
7 920 0
7 927 0
7 956 0
7 957 0
7 960 0
8 84 0
8 126 0
8 196 0
8 214 0
8 215 0
8 219 0
8 348 0
8 354 0
8 372 0
8 400 0
8 409 0
8 475 0
8 555 0
8 651 0
8 678 0
8 685 0
8 689 0
8 711 0
8 739 0
8 750 0
8 822 0
8 971 0
8 977 0
9 34 0
9 59 0
9 121 0
9 129 0
9 155 0
9 301 0
9 521 0
9 530 0
9 541 0
9 573 0
9 588 0
9 622 0
9 647 0
9 736 0
9 787 0
9 894 0
9 908 0
9 926 0
9 931 0
9 996 0
10 14 0
10 73 0
10 123 0
10 126 0
10 132 0
10 150 0
10 195 0
10 209 0
10 227 0
10 231 0
10 279 0
10 299 0
10 316 0
10 549 0
10 556 0
10 788 0
10 820 0
10 899 0
10 908 0
10 964 0
10 969 0
10 991 0
11 22 0
11 38 0
11 61 0
11 94 0
11 211 0
11 259 0
11 322 0
11 325 0
11 372 0
11 489 0
11 522 0
11 529 0
11 583 0
11 626 0
11 654 0
11 684 0
11 688 0
11 693 0
11 728 0
11 752 0
11 758 0
11 773 0
11 776 0
11 861 0
12 102 0
12 139 0
12 141 0
12 191 0
12 216 0
12 223 0
12 356 0
12 528 0
12 541 0
12 545 0
12 618 0
12 668 0
12 673 0
12 761 0
12 776 0
12 786 0
12 821 0
12 840 0
12 866 0
12 874 0
12 919 0
12 962 0
12 972 0
13 60 0
13 79 0
13 195 0
13 253 0
13 284 0
13 285 0
13 289 0
13 291 0
13 345 0
13 346 0
13 439 0
13 509 0
13 564 0
13 577 0
13 597 0
13 601 0
13 602 0
13 616 0
13 650 0
13 670 0
13 787 0
13 959 0
14 29 0
14 148 0
14 176 0
14 204 0
14 213 0
14 233 0
14 383 0
14 390 0
14 428 0
14 522 0
14 527 0
14 551 0
14 591 0
14 632 0
14 679 0
14 698 0
14 735 0
14 745 0
14 782 0
14 795 0
14 845 0
14 866 0
14 884 0
14 899 0
14 912 0
15 26 0
15 99 0
15 109 0
15 253 0
15 315 0
15 407 0
15 408 0
15 457 0
15 523 0
15 555 0
15 662 0
15 663 0
15 716 0
15 717 0
15 756 0
15 767 0
15 810 0
15 832 0
15 842 0
15 871 0
15 884 0
15 933 0
15 942 0
15 970 0
15 987 0
15 995 0
15 998 0
16 72 0
16 128 0
16 177 0
16 328 0
16 384 0
16 397 0
16 444 0
16 446 0
16 458 0
16 511 0
16 542 0
16 646 0
16 657 0
16 668 0
16 673 0
16 697 0
16 702 0
16 722 0
16 728 0
16 770 0
16 835 0
16 961 0
16 985 0
17 22 0
17 26 0
17 120 0
17 163 0
17 257 0
17 414 0
17 475 0
17 483 0
17 490 0
17 598 0
17 601 0
17 649 0
17 666 0
17 700 0
17 726 0
17 761 0
17 794 0
17 852 0
17 887 0
17 941 0
17 990 0
18 34 0
18 41 0
18 44 0
18 64 0
18 74 0
18 78 0
18 86 0
18 190 0
18 233 0
18 318 0
18 319 0
18 343 0
18 504 0
18 512 0
18 686 0
18 754 0
18 768 0
18 783 0
18 802 0
18 821 0
18 845 0
18 847 0
18 916 0
19 105 0
19 119 0
19 128 0
19 180 0
19 242 0
19 256 0
19 298 0
19 311 0
19 353 0
19 375 0
19 381 0
19 492 0
19 503 0
19 523 0
19 548 0
19 603 0
19 868 0
19 881 0
19 941 0
19 948 0
19 970 0
20 88 0
20 97 0
20 119 0
20 132 0
20 140 0
20 151 0
20 279 0
20 402 0
20 420 0
20 473 0
20 529 0
20 539 0
20 633 0
20 695 0
20 725 0
20 751 0
20 790 0
20 799 0
20 810 0
20 896 0
20 900 0
21 49 0
21 137 0
21 145 0
21 164 0
21 188 0
21 195 0
21 227 0
21 255 0
21 287 0
21 313 0
21 382 0
21 402 0
21 405 0
21 439 0
21 443 0
21 456 0
21 476 0
21 479 0
21 503 0
21 511 0
21 515 0
21 671 0
21 741 0
21 758 0
21 759 0
21 770 0
21 795 0
21 813 0
21 818 0
21 855 0
21 902 0
21 937 0
21 940 0
21 982 0
22 39 0
22 43 0
22 77 0
22 90 0
22 176 0
22 185 0
22 389 0
22 467 0
22 478 0
22 538 0
22 570 0
22 650 0
22 704 0
22 790 0
22 888 0
22 910 0
22 957 0
22 958 0
23 164 0
23 187 0
23 228 0
23 280 0
23 315 0
23 351 0
23 355 0
23 439 0
23 457 0
23 492 0
23 535 0
23 628 0
23 765 0
23 775 0
23 902 0
23 942 0
24 46 0
24 240 0
24 415 0
24 420 0
24 503 0
24 566 0
24 575 0
24 586 0
24 645 0
24 807 0
24 818 0
24 844 0
24 887 0
24 987 0
24 990 0
24 995 0
25 191 0
25 222 0
25 227 0
25 301 0
25 307 0
25 309 0
25 333 0
25 337 0
25 342 0
25 469 0
25 478 0
25 488 0
25 514 0
25 521 0
25 537 0
25 563 0
25 597 0
25 602 0
25 678 0
25 757 0
25 768 0
25 830 0
25 888 0
25 992 0
26 79 0
26 100 0
26 144 0
26 208 0
26 215 0
26 249 0
26 315 0
26 463 0
26 498 0
26 500 0
26 524 0
26 560 0
26 561 0
26 583 0
26 601 0
26 626 0
26 641 0
26 717 0
26 729 0
26 743 0
26 769 0
26 809 0
26 884 0
27 109 0
27 113 0
27 209 0
27 216 0
27 259 0
27 313 0
27 343 0
27 384 0
27 402 0
27 418 0
27 447 0
27 469 0
27 492 0
27 506 0
27 599 0
27 635 0
27 651 0
27 662 0
27 697 0
27 700 0
27 836 0
27 855 0
27 866 0
27 888 0
27 891 0
27 981 0
28 169 0
28 306 0
28 343 0
28 367 0
28 449 0
28 482 0
28 527 0
28 546 0
28 592 0
28 595 0
28 720 0
28 768 0
28 771 0
28 795 0
28 817 0
28 827 0
28 946 0
28 965 0
28 986 0
29 49 0
29 50 0
29 67 0
29 143 0
29 293 0
29 421 0
29 464 0
29 468 0
29 469 0
29 471 0
29 490 0
29 526 0
29 530 0
29 608 0
29 618 0
29 681 0
29 683 0
29 718 0
29 739 0
29 792 0
29 845 0
29 864 0
29 915 0
30 52 0
30 70 0
30 82 0
30 85 0
30 188 0
30 242 0
30 272 0
30 315 0
30 379 0
30 400 0
30 422 0
30 552 0
30 585 0
30 614 0
30 742 0
30 820 0
30 937 0
31 57 0
31 72 0
31 173 0
31 224 0
31 249 0
31 265 0
31 319 0
31 339 0
31 355 0
31 381 0
31 431 0
31 465 0
31 470 0
31 505 0
31 538 0
31 712 0
31 726 0
31 769 0
31 804 0
31 853 0
31 879 0
31 907 0
31 919 0
31 921 0
31 942 0
31 943 0
31 958 0
31 969 0
32 81 0
32 130 0
32 141 0
32 213 0
32 256 0
32 299 0
32 310 0
32 352 0
32 552 0
32 691 0
32 700 0
32 728 0
32 796 0
32 807 0
32 854 0
32 885 0
32 912 0
32 948 0
32 958 0
32 961 0
32 977 0
33 53 0
33 67 0
33 90 0
33 147 0
33 190 0
33 244 0
33 278 0
33 313 0
33 330 0
33 351 0
33 422 0
33 454 0
33 528 0
33 587 0
33 701 0
33 732 0
33 808 0
33 817 0
33 866 0
33 875 0
33 899 0
33 911 0
33 936 0
33 953 0
34 112 0
34 167 0
34 217 0
34 257 0
34 263 0
34 395 0
34 400 0
34 410 0
34 486 0
34 542 0
34 544 0
34 649 0
34 668 0
34 670 0
34 681 0
34 835 0
34 857 0
34 876 0
34 924 0
34 938 0
35 140 0
35 170 0
35 182 0
35 267 0
35 321 0
35 328 0
35 365 0
35 466 0
35 520 0
35 577 0
35 588 0
35 589 0
35 646 0
35 686 0
35 718 0
35 720 0
35 878 0
35 888 0
35 889 0
35 970 0
36 40 0
36 90 0
36 164 0
36 276 0
36 287 0
36 291 0
36 296 0
36 321 0
36 379 0
36 384 0
36 400 0
36 452 0
36 487 0
36 533 0
36 537 0
36 760 0
36 823 0
36 903 0
36 915 0
36 993 0
37 63 0
37 80 0
37 170 0
37 222 0
37 293 0
37 359 0
37 387 0
37 393 0
37 403 0
37 535 0
37 545 0
37 566 0
37 581 0
37 600 0
37 610 0
37 651 0
37 748 0
37 793 0
37 842 0
37 888 0
37 919 0
37 935 0
37 947 0
38 85 0
38 101 0
38 227 0
38 267 0
38 415 0
38 462 0
38 486 0
38 493 0
38 586 0
38 602 0
38 901 0
38 983 0
39 89 0
39 154 0
39 198 0
39 215 0
39 285 0
39 341 0
39 397 0
39 414 0
39 486 0
39 514 0
39 551 0
39 580 0
39 591 0
39 664 0
39 743 0
39 748 0
39 755 0
39 903 0
40 266 0
40 295 0
40 308 0
40 342 0
40 354 0
40 423 0
40 425 0
40 510 0
40 571 0
40 585 0
40 638 0
40 653 0
40 671 0
40 675 0
40 719 0
40 724 0
40 737 0
40 748 0
40 754 0
40 770 0
40 823 0
40 931 0
40 958 0
41 107 0
41 185 0
41 218 0
41 264 0
41 432 0
41 539 0
41 545 0
41 567 0
41 676 0
41 763 0
41 843 0
41 987 0
42 176 0
42 231 0
42 244 0
42 327 0
42 377 0
42 387 0
42 419 0
42 496 0
42 501 0
42 514 0
42 668 0
42 813 0
42 854 0
42 888 0
42 893 0
42 924 0
42 973 0
43 131 0
43 143 0
43 266 0
43 319 0
43 336 0
43 368 0
43 428 0
43 443 0
43 468 0
43 513 0
43 650 0
43 791 0
43 871 0
43 912 0
43 929 0
44 47 0
44 130 0
44 185 0
44 200 0
44 257 0
44 261 0
44 288 0
44 383 0
44 396 0
44 621 0
44 680 0
44 681 0
44 757 0
44 767 0
44 804 0
44 833 0
44 873 0
44 904 0
44 936 0
44 940 0
44 977 0
44 986 0
45 54 0
45 100 0
45 191 0
45 231 0
45 251 0
45 272 0
45 336 0
45 388 0
45 507 0
45 519 0
45 576 0
45 598 0
45 625 0
45 626 0
45 646 0
45 673 0
45 897 0
45 956 0
45 994 0
46 111 0
46 125 0
46 129 0
46 135 0
46 136 0
46 227 0
46 239 0
46 245 0
46 297 0
46 309 0
46 525 0
46 617 0
46 688 0
46 733 0
46 826 0
46 904 0
46 915 0
47 49 0
47 171 0
47 175 0
47 189 0
47 196 0
47 213 0
47 299 0
47 409 0
47 434 0
47 442 0
47 474 0
47 546 0
47 564 0
47 626 0
47 698 0
47 760 0
47 787 0
47 889 0
47 981 0
47 995 0
48 92 0
48 113 0
48 135 0
48 197 0
48 242 0
48 316 0
48 338 0
48 395 0
48 420 0
48 459 0
48 492 0
48 584 0
48 629 0
48 657 0
48 716 0
48 812 0
48 843 0
48 866 0
48 908 0
48 924 0
48 974 0
49 86 0
49 106 0
49 187 0
49 190 0
49 246 0
49 263 0
49 337 0
49 343 0
49 376 0
49 399 0
49 424 0
49 451 0
49 479 0
49 487 0
49 505 0
49 506 0
49 523 0
49 590 0
49 603 0
49 616 0
49 628 0
49 708 0
49 723 0
49 788 0
49 796 0
49 971 0
49 975 0
50 148 0
50 151 0
50 283 0
50 290 0
50 296 0
50 452 0
50 528 0
50 552 0
50 668 0
50 736 0
50 774 0
50 775 0
50 791 0
50 861 0
50 957 0
51 70 0
51 101 0
51 126 0
51 154 0
51 157 0
51 182 0
51 234 0
51 238 0
51 269 0
51 309 0
51 417 0
51 436 0
51 467 0
51 536 0
51 618 0
51 630 0
51 711 0
51 728 0
51 888 0
51 907 0
51 974 0
51 975 0
52 73 0
52 87 0
52 161 0
52 178 0
52 286 0
52 370 0
52 412 0
52 433 0
52 458 0
52 547 0
52 595 0
52 722 0
52 736 0
52 771 0
52 826 0
52 874 0
52 880 0
52 893 0
52 911 0
52 932 0
52 959 0
52 985 0
53 58 0
53 79 0
53 213 0
53 271 0
53 302 0
53 314 0
53 330 0
53 340 0
53 357 0
53 362 0
53 419 0
53 451 0
53 461 0
53 480 0
53 517 0
53 531 0
53 533 0
53 706 0
53 724 0
53 726 0
53 727 0
53 737 0
53 770 0
53 867 0
54 65 0
54 92 0
54 105 0
54 204 0
54 209 0
54 229 0
54 263 0
54 289 0
54 359 0
54 411 0
54 465 0
54 541 0
54 609 0
54 639 0
54 720 0
54 735 0
54 786 0
54 812 0
54 864 0
54 911 0
54 960 0
55 230 0
55 243 0
55 247 0
55 323 0
55 331 0
55 378 0
55 426 0
55 455 0
55 532 0
55 618 0
55 620 0
55 660 0
55 701 0
55 735 0
55 774 0
55 784 0
55 799 0
55 922 0
55 925 0
56 110 0
56 131 0
56 140 0
56 204 0
56 214 0
56 217 0
56 374 0
56 394 0
56 407 0
56 449 0
56 516 0
56 522 0
56 563 0
56 603 0
56 622 0
56 640 0
56 749 0
56 826 0
56 843 0
56 903 0
56 910 0
56 961 0
56 977 0
57 163 0
57 264 0
57 267 0
57 353 0
57 380 0
57 425 0
57 427 0
57 484 0
57 527 0
57 560 0
57 577 0
57 599 0
57 676 0
57 742 0
57 913 0
57 936 0
58 104 0
58 216 0
58 252 0
58 279 0
58 308 0
58 339 0
58 349 0
58 380 0
58 409 0
58 414 0
58 447 0
58 496 0
58 524 0
58 539 0
58 772 0
58 775 0
58 839 0
58 875 0
58 876 0
58 988 0
58 997 0
59 61 0
59 123 0
59 160 0
59 206 0
59 294 0
59 312 0
59 371 0
59 384 0
59 387 0
59 390 0
59 392 0
59 516 0
59 533 0
59 587 0
59 612 0
59 667 0
59 717 0
59 769 0
59 847 0
59 881 0
59 892 0
59 918 0
60 105 0
60 158 0
60 194 0
60 204 0
60 260 0
60 286 0
60 445 0
60 550 0
60 581 0
60 626 0
60 670 0
60 682 0
60 801 0
60 838 0
60 878 0
60 883 0
60 926 0
61 71 0
61 79 0
61 110 0
61 199 0
61 311 0
61 435 0
61 518 0
61 607 0
61 671 0
61 699 0
61 702 0
61 726 0
61 732 0
61 889 0
61 891 0
61 902 0
61 933 0
62 90 0
62 114 0
62 119 0
62 198 0
62 252 0
62 320 0
62 396 0
62 461 0
62 542 0
62 566 0
62 569 0
62 596 0
62 600 0
62 767 0
62 848 0
62 894 0
62 924 0
62 933 0
62 958 0
62 961 0
62 970 0
63 124 0
63 126 0
63 226 0
63 249 0
63 262 0
63 288 0
63 294 0
63 316 0
63 478 0
63 530 0
63 644 0
63 674 0
63 750 0
63 823 0
63 987 0
64 84 0
64 124 0
64 141 0
64 219 0
64 253 0
64 256 0
64 336 0
64 404 0
64 461 0
64 526 0
64 536 0
64 562 0
64 592 0
64 673 0
64 697 0
64 707 0
64 774 0
64 787 0
64 913 0
64 936 0
65 78 0
65 85 0
65 104 0
65 163 0
65 311 0
65 365 0
65 373 0
65 439 0
65 463 0
65 481 0
65 508 0
65 571 0
65 591 0
65 595 0
65 659 0
65 679 0
65 694 0
65 723 0
65 741 0
65 773 0
65 784 0
65 790 0
65 821 0
65 940 0
65 947 0
65 967 0
65 990 0
66 69 0
66 85 0
66 177 0
66 196 0
66 214 0
66 267 0
66 366 0
66 421 0
66 453 0
66 647 0
66 748 0
66 833 0
66 881 0
66 883 0
66 902 0
66 917 0
66 925 0
66 960 0
66 971 0
67 105 0
67 116 0
67 117 0
67 154 0
67 243 0
67 249 0
67 315 0
67 377 0
67 400 0
67 526 0
67 546 0
67 554 0
67 597 0
67 727 0
67 760 0
67 767 0
67 838 0
67 886 0
67 900 0
67 901 0
67 994 0
68 91 0
68 276 0
68 320 0
68 353 0
68 405 0
68 476 0
68 527 0
68 618 0
68 625 0
68 701 0
68 752 0
68 881 0
68 892 0
69 151 0
69 155 0
69 185 0
69 188 0
69 256 0
69 276 0
69 436 0
69 439 0
69 509 0
69 531 0
69 703 0
69 711 0
69 726 0
69 739 0
69 743 0
69 771 0
69 910 0
69 914 0
69 943 0
69 956 0
69 989 0
70 131 0
70 133 0
70 147 0
70 151 0
70 169 0
70 198 0
70 273 0
70 334 0
70 364 0
70 390 0
70 450 0
70 492 0
70 541 0
70 560 0
70 659 0
70 703 0
70 729 0
70 828 0
70 973 0
70 979 0
71 104 0
71 105 0
71 209 0
71 398 0
71 422 0
71 427 0
71 441 0
71 475 0
71 514 0
71 569 0
71 619 0
71 688 0
71 727 0
71 764 0
71 970 0
72 91 0
72 141 0
72 162 0
72 189 0
72 247 0
72 377 0
72 545 0
72 582 0
72 585 0
72 704 0
72 779 0
72 914 0
72 921 0
73 122 0
73 145 0
73 164 0
73 254 0
73 266 0
73 487 0
73 618 0
73 697 0
73 706 0
73 732 0
73 802 0
73 957 0
73 988 0
74 127 0
74 197 0
74 231 0
74 281 0
74 399 0
74 453 0
74 483 0
74 499 0
74 503 0
74 568 0
74 594 0
74 638 0
74 643 0
74 686 0
74 746 0
74 748 0
74 757 0
74 854 0
74 907 0
75 134 0
75 181 0
75 287 0
75 293 0
75 361 0
75 369 0
75 409 0
75 414 0
75 443 0
75 478 0
75 553 0
75 557 0
75 575 0
75 676 0
75 932 0
75 939 0
75 966 0
76 111 0
76 126 0
76 227 0
76 234 0
76 237 0
76 258 0
76 263 0
76 337 0
76 399 0
76 416 0
76 497 0
76 651 0
76 675 0
76 689 0
76 708 0
76 709 0
76 719 0
76 757 0
76 808 0
76 855 0
76 928 0
77 100 0
77 125 0
77 163 0
77 174 0
77 205 0
77 212 0
77 298 0
77 317 0
77 431 0
77 465 0
77 612 0
77 657 0
77 702 0
77 726 0
77 735 0
77 801 0
77 802 0
77 806 0
77 886 0
77 931 0
78 91 0
78 99 0
78 234 0
78 410 0
78 441 0
78 481 0
78 504 0
78 505 0
78 529 0
78 591 0
78 741 0
78 773 0
78 779 0
78 804 0
78 850 0
79 129 0
79 138 0
79 146 0
79 179 0
79 241 0
79 307 0
79 312 0
79 330 0
79 337 0
79 346 0
79 386 0
79 415 0
79 423 0
79 566 0
79 732 0
79 834 0
79 893 0
79 925 0
79 997 0
80 100 0
80 112 0
80 191 0
80 273 0
80 286 0
80 307 0
80 332 0
80 347 0
80 386 0
80 534 0
80 736 0
80 819 0
80 903 0
80 918 0
80 946 0
80 991 0
81 104 0
81 150 0
81 197 0
81 292 0
81 323 0
81 329 0
81 521 0
81 530 0
81 538 0
81 586 0
81 649 0
81 672 0
81 766 0
81 803 0
81 810 0
81 933 0
82 89 0
82 249 0
82 269 0
82 362 0
82 376 0
82 412 0
82 415 0
82 577 0
82 579 0
82 589 0
82 722 0
82 779 0
82 886 0
82 948 0
83 139 0
83 141 0
83 239 0
83 243 0
83 264 0
83 308 0
83 336 0
83 359 0
83 400 0
83 435 0
83 453 0
83 463 0
83 514 0
83 527 0
83 544 0
83 570 0
83 634 0
83 640 0
83 686 0
83 694 0
83 719 0
83 750 0
83 803 0
83 868 0
84 105 0
84 173 0
84 372 0
84 427 0
84 428 0
84 446 0
84 509 0
84 568 0
84 614 0
84 615 0
84 633 0
84 721 0
84 751 0
84 883 0
84 891 0
85 269 0
85 292 0
85 360 0
85 375 0
85 407 0
85 415 0
85 417 0
85 427 0
85 448 0
85 465 0
85 513 0
85 558 0
85 586 0
85 644 0
85 765 0
85 843 0
85 855 0
85 890 0
85 938 0
86 105 0
86 141 0
86 153 0
86 167 0
86 217 0
86 241 0
86 317 0
86 527 0
86 582 0
86 622 0
86 702 0
86 748 0
86 754 0
86 854 0
86 864 0
86 872 0
86 975 0
87 115 0
87 191 0
87 196 0
87 222 0
87 252 0
87 319 0
87 333 0
87 394 0
87 415 0
87 428 0
87 475 0
87 485 0
87 603 0
87 626 0
87 632 0
87 639 0
87 888 0
88 99 0
88 103 0
88 104 0
88 122 0
88 238 0
88 348 0
88 388 0
88 393 0
88 407 0
88 412 0
88 484 0
88 498 0
88 604 0
88 631 0
88 879 0
89 159 0
89 171 0
89 218 0
89 258 0
89 351 0
89 419 0
89 421 0
89 452 0
89 489 0
89 575 0
89 606 0
89 674 0
89 714 0
89 728 0
89 750 0
89 888 0
89 898 0
89 914 0
90 210 0
90 261 0
90 292 0
90 413 0
90 426 0
90 503 0
90 543 0
90 588 0
90 609 0
90 677 0
90 684 0
90 689 0
90 711 0
90 762 0
91 95 0
91 105 0
91 122 0
91 173 0
91 268 0
91 293 0
91 295 0
91 376 0
91 378 0
91 472 0
91 541 0
91 680 0
91 688 0
91 744 0
91 763 0
91 822 0
91 892 0
92 137 0
92 237 0
92 270 0
92 273 0
92 277 0
92 385 0
92 412 0
92 541 0
92 577 0
92 632 0
92 634 0
92 749 0
92 765 0
92 825 0
92 831 0
92 847 0
92 890 0
92 932 0
92 944 0
92 971 0
93 165 0
93 208 0
93 264 0
93 323 0
93 336 0
93 449 0
93 453 0
93 467 0
93 552 0
93 618 0
93 953 0
94 129 0
94 161 0
94 168 0
94 190 0
94 201 0
94 231 0
94 322 0
94 341 0
94 363 0
94 464 0
94 544 0
94 551 0
94 631 0
94 642 0
94 690 0
94 809 0
94 814 0
94 838 0
94 977 0
94 978 0
95 231 0
95 276 0
95 407 0
95 477 0
95 619 0
95 667 0
95 709 0
95 790 0
95 811 0
95 850 0
95 875 0
95 898 0
95 963 0
95 989 0
96 105 0
96 123 0
96 156 0
96 160 0
96 206 0
96 271 0
96 281 0
96 283 0
96 307 0
96 349 0
96 556 0
96 682 0
96 749 0
96 813 0
96 842 0
96 860 0
96 898 0
96 937 0
96 963 0
96 975 0
97 120 0
97 128 0
97 186 0
97 328 0
97 331 0
97 339 0
97 510 0
97 641 0
97 659 0
97 797 0
97 815 0
97 854 0
97 892 0
97 934 0
97 997 0
98 106 0
98 130 0
98 142 0
98 146 0
98 211 0
98 232 0
98 276 0
98 411 0
98 431 0
98 524 0
98 543 0
98 555 0
98 594 0
98 619 0
98 778 0
98 801 0
98 824 0
98 840 0
98 855 0
98 882 0
99 112 0
99 117 0
99 164 0
99 225 0
99 256 0
99 277 0
99 321 0
99 451 0
99 510 0
99 575 0
99 641 0
99 739 0
99 790 0
99 831 0
99 859 0
99 866 0
100 105 0
100 117 0
100 237 0
100 373 0
100 393 0
100 629 0
100 652 0
100 684 0
100 849 0
100 883 0
101 121 0
101 159 0
101 176 0
101 214 0
101 241 0
101 265 0
101 345 0
101 379 0
101 418 0
101 485 0
101 503 0
101 525 0
101 600 0
101 615 0
101 671 0
101 803 0
101 822 0
101 859 0
101 888 0
101 904 0
101 967 0
102 144 0
102 147 0
102 230 0
102 336 0
102 353 0
102 396 0
102 435 0
102 442 0
102 458 0
102 511 0
102 517 0
102 572 0
102 593 0
102 608 0
102 637 0
102 674 0
102 678 0
102 679 0
102 907 0
102 917 0
102 969 0
102 982 0
102 999 0
103 136 0
103 162 0
103 233 0
103 414 0
103 489 0
103 493 0
103 577 0
103 593 0
103 600 0
103 721 0
103 855 0
103 986 0
104 331 0
104 368 0
104 422 0
104 535 0
104 575 0
104 595 0
104 600 0
104 632 0
104 677 0
104 693 0
104 710 0
104 826 0
104 926 0
104 952 0
104 975 0
104 983 0
105 144 0
105 230 0
105 244 0
105 329 0
105 347 0
105 375 0
105 468 0
105 529 0
105 533 0
105 554 0
105 605 0
105 637 0
105 638 0
105 649 0
105 783 0
105 831 0
105 947 0
105 951 0
105 973 0
105 979 0
106 165 0
106 255 0
106 337 0
106 359 0
106 402 0
106 544 0
106 642 0
106 662 0
106 742 0
106 762 0
106 837 0
106 861 0
106 863 0
106 877 0
106 997 0
107 178 0
107 195 0
107 200 0
107 236 0
107 370 0
107 372 0
107 441 0
107 446 0
107 469 0
107 482 0
107 500 0
107 508 0
107 538 0
107 559 0
107 582 0
107 587 0
107 626 0
107 627 0
107 635 0
107 638 0
107 680 0
107 733 0
107 742 0
107 850 0
107 886 0
107 900 0
107 960 0
108 193 0
108 280 0
108 307 0
108 429 0
108 609 0
108 638 0
108 710 0
108 764 0
108 773 0
108 896 0
108 917 0
108 966 0
109 212 0
109 254 0
109 261 0
109 281 0
109 324 0
109 349 0
109 354 0
109 359 0
109 538 0
109 539 0
109 552 0
109 573 0
109 692 0
109 737 0
109 767 0
109 866 0
110 136 0
110 159 0
110 444 0
110 491 0
110 565 0
110 567 0
110 601 0
110 619 0
110 625 0
110 853 0
110 908 0
110 920 0
111 161 0
111 197 0
111 201 0
111 206 0
111 218 0
111 284 0
111 310 0
111 330 0
111 396 0
111 408 0
111 628 0
111 750 0
111 875 0
111 967 0
111 977 0
112 119 0
112 120 0
112 187 0
112 237 0
112 298 0
112 317 0
112 429 0
112 491 0
112 505 0
112 601 0
112 606 0
112 688 0
112 786 0
112 791 0
112 792 0
112 848 0
112 933 0
112 995 0
113 130 0
113 213 0
113 238 0
113 484 0
113 512 0
113 577 0
113 585 0
113 723 0
113 843 0
113 846 0
113 854 0
113 914 0
114 123 0
114 170 0
114 182 0
114 209 0
114 273 0
114 331 0
114 391 0
114 487 0
114 583 0
114 708 0
114 725 0
114 736 0
114 898 0
114 942 0
114 960 0
115 118 0
115 389 0
115 452 0
115 472 0
115 483 0
115 513 0
115 519 0
115 529 0
115 543 0
115 604 0
115 620 0
115 716 0
115 819 0
115 957 0
116 118 0
116 140 0
116 299 0
116 364 0
116 401 0
116 467 0
116 490 0
116 547 0
116 651 0
116 694 0
116 697 0
116 757 0
116 795 0
116 893 0
117 206 0
117 266 0
117 278 0
117 298 0
117 359 0
117 461 0
117 473 0
117 530 0
117 533 0
117 561 0
117 566 0
117 576 0
117 637 0
117 660 0
117 710 0
117 756 0
117 759 0
117 860 0
117 942 0
118 248 0
118 277 0
118 317 0
118 332 0
118 344 0
118 372 0
118 386 0
118 423 0
118 537 0
118 551 0
118 600 0
118 786 0
118 839 0
118 916 0
119 178 0
119 222 0
119 240 0
119 354 0
119 363 0
119 369 0
119 625 0
119 707 0
119 749 0
119 785 0
119 791 0
119 794 0
119 837 0
119 940 0
120 167 0
120 211 0
120 232 0
120 279 0
120 294 0
120 334 0
120 355 0
120 461 0
120 482 0
120 525 0
120 533 0
120 557 0
120 639 0
120 642 0
120 797 0
120 799 0
120 816 0
120 844 0
120 890 0
120 899 0
120 926 0
120 974 0
121 188 0
121 237 0
121 300 0
121 602 0
121 605 0
121 619 0
121 692 0
121 831 0
121 916 0
121 917 0
121 929 0
121 942 0
121 952 0
121 990 0
122 143 0
122 187 0
122 316 0
122 402 0
122 508 0
122 715 0
122 756 0
122 812 0
122 829 0
122 854 0
122 864 0
122 902 0
122 941 0
122 971 0
122 972 0
122 986 0
122 989 0
122 991 0
123 177 0
123 229 0
123 283 0
123 300 0
123 386 0
123 439 0
123 547 0
123 549 0
123 574 0
123 576 0
123 582 0
123 606 0
123 621 0
123 636 0
123 774 0
123 782 0
123 809 0
123 888 0
123 900 0
124 206 0
124 265 0
124 267 0
124 333 0
124 394 0
124 495 0
124 508 0
124 548 0
124 588 0
124 638 0
124 641 0
124 642 0
124 676 0
124 727 0
124 756 0
124 785 0
124 796 0
124 825 0
124 872 0
124 900 0
124 939 0
124 997 0
125 185 0
125 226 0
125 260 0
125 279 0
125 354 0
125 403 0
125 413 0
125 464 0
125 508 0
125 542 0
125 584 0
125 592 0
125 624 0
125 660 0
125 723 0
125 740 0
125 780 0
125 869 0
125 873 0
125 882 0
125 887 0
126 133 0
126 238 0
126 286 0
126 295 0
126 360 0
126 411 0
126 476 0
126 530 0
126 534 0
126 549 0
126 564 0
126 629 0
126 640 0
126 680 0
126 731 0
126 850 0
126 866 0
126 884 0
126 959 0
126 968 0
126 982 0
127 193 0
127 198 0
127 292 0
127 419 0
127 442 0
127 475 0
127 481 0
127 582 0
127 622 0
127 652 0
127 656 0
127 774 0
127 821 0
128 161 0
128 265 0
128 400 0
128 483 0
128 526 0
128 610 0
128 616 0
128 826 0
128 912 0
128 918 0
129 202 0
129 260 0
129 288 0
129 301 0
129 311 0
129 352 0
129 486 0
129 609 0
129 691 0
129 748 0
129 751 0
129 770 0
129 826 0
129 890 0
129 902 0
129 929 0
129 948 0
129 962 0
129 997 0
129 999 0
130 149 0
130 156 0
130 345 0
130 381 0
130 514 0
130 564 0
130 593 0
130 734 0
130 759 0
130 854 0
130 988 0
131 135 0
131 190 0
131 225 0
131 359 0
131 397 0
131 416 0
131 430 0
131 542 0
131 591 0
131 595 0
131 718 0
131 762 0
131 763 0
131 787 0
131 796 0
131 889 0
131 958 0
131 975 0
132 239 0
132 303 0
132 312 0
132 353 0
132 454 0
132 473 0
132 474 0
132 564 0
132 643 0
132 707 0
132 718 0
132 727 0
132 790 0
132 811 0
132 821 0
132 907 0
133 166 0
133 237 0
133 251 0
133 288 0
133 369 0
133 388 0
133 432 0
133 488 0
133 525 0
133 581 0
133 595 0
133 598 0
133 674 0
133 718 0
133 810 0
133 852 0
133 884 0
133 896 0
133 927 0
134 165 0
134 197 0
134 242 0
134 256 0
134 342 0
134 403 0
134 455 0
134 514 0
134 568 0
134 615 0
134 616 0
134 628 0
134 664 0
134 722 0
134 735 0
134 754 0
134 775 0
134 796 0
134 813 0
134 868 0
134 873 0
134 887 0
134 935 0
134 949 0
135 173 0
135 220 0
135 344 0
135 433 0
135 444 0
135 462 0
135 534 0
135 571 0
135 763 0
135 862 0
135 937 0
135 967 0
135 985 0
136 141 0
136 185 0
136 242 0
136 270 0
136 404 0
136 477 0
136 486 0
136 507 0
136 570 0
136 579 0
136 647 0
136 790 0
136 834 0
136 851 0
136 893 0
136 969 0
136 984 0
137 172 0
137 182 0
137 281 0
137 282 0
137 295 0
137 469 0
137 564 0
137 565 0
137 634 0
137 670 0
137 747 0
137 809 0
137 902 0
137 951 0
137 999 0
138 160 0
138 207 0
138 274 0
138 279 0
138 342 0
138 411 0
138 440 0
138 471 0
138 480 0
138 530 0
138 534 0
138 602 0
138 613 0
138 614 0
138 698 0
138 736 0
138 971 0
139 147 0
139 208 0
139 247 0
139 268 0
139 271 0
139 413 0
139 451 0
139 634 0
139 688 0
139 699 0
139 755 0
139 813 0
139 894 0
139 912 0
139 997 0
140 158 0
140 180 0
140 185 0
140 189 0
140 393 0
140 427 0
140 441 0
140 466 0
140 514 0
140 551 0
140 567 0
140 575 0
140 621 0
140 657 0
140 766 0
140 794 0
141 365 0
141 404 0
141 463 0
141 474 0
141 537 0
141 712 0
141 720 0
141 740 0
141 810 0
141 838 0
141 847 0
141 855 0
142 181 0
142 204 0
142 222 0
142 296 0
142 361 0
142 428 0
142 441 0
142 472 0
142 550 0
142 783 0
142 949 0
142 955 0
142 999 0
143 194 0
143 358 0
143 375 0
143 415 0
143 436 0
143 468 0
143 525 0
143 546 0
143 576 0
143 696 0
143 786 0
143 835 0
143 907 0
143 910 0
143 993 0
144 185 0
144 304 0
144 307 0
144 316 0
144 380 0
144 381 0
144 432 0
144 470 0
144 479 0
144 516 0
144 739 0
144 758 0
144 797 0
144 828 0
144 869 0
144 974 0
145 160 0
145 186 0
145 204 0
145 244 0
145 277 0
145 283 0
145 371 0
145 450 0
145 547 0
145 549 0
145 587 0
145 699 0
145 816 0
145 885 0
145 930 0
146 148 0
146 161 0
146 196 0
146 207 0
146 226 0
146 274 0
146 341 0
146 423 0
146 435 0
146 474 0
146 485 0
146 533 0
146 549 0
146 553 0
146 561 0
146 568 0
146 572 0
146 593 0
146 612 0
146 649 0
146 659 0
146 663 0
146 758 0
146 906 0
146 926 0
146 982 0
147 255 0
147 258 0
147 267 0
147 341 0
147 368 0
147 394 0
147 414 0
147 430 0
147 465 0
147 475 0
147 499 0
147 523 0
147 610 0
147 646 0
147 671 0
147 692 0
147 717 0
147 725 0
147 842 0
147 881 0
147 961 0
147 993 0
148 161 0
148 164 0
148 185 0
148 217 0
148 241 0
148 274 0
148 334 0
148 344 0
148 372 0
148 548 0
148 821 0
149 175 0
149 179 0
149 180 0
149 246 0
149 511 0
149 538 0
149 540 0
149 569 0
149 688 0
149 694 0
149 770 0
149 793 0
150 151 0
150 215 0
150 226 0
150 284 0
150 313 0
150 315 0
150 316 0
150 463 0
150 574 0
150 714 0
150 753 0
150 852 0
150 855 0
150 894 0
150 963 0
150 970 0
150 993 0
151 178 0
151 473 0
151 514 0
151 544 0
151 616 0
151 637 0
151 758 0
151 762 0
151 873 0
151 898 0
151 930 0
152 214 0
152 317 0
152 384 0
152 525 0
152 540 0
152 594 0
152 613 0
152 644 0
152 678 0
152 691 0
152 708 0
152 720 0
152 874 0
152 893 0
152 935 0
152 979 0
153 253 0
153 343 0
153 389 0
153 393 0
153 438 0
153 506 0
153 534 0
153 543 0
153 609 0
153 666 0
153 714 0
153 720 0
153 788 0
153 790 0
153 806 0
153 841 0
154 285 0
154 342 0
154 354 0
154 387 0
154 422 0
154 464 0
154 475 0
154 505 0
154 552 0
154 580 0
154 633 0
154 685 0
154 754 0
154 807 0
154 821 0
154 836 0
154 950 0
154 964 0
154 998 0
155 188 0
155 213 0
155 243 0
155 463 0
155 491 0
155 497 0
155 719 0
155 815 0
155 867 0
155 889 0
155 896 0
155 945 0
156 168 0
156 189 0
156 221 0
156 227 0
156 253 0
156 294 0
156 413 0
156 528 0
156 534 0
156 572 0
156 699 0
156 759 0
156 810 0
156 834 0
156 881 0
156 930 0
156 946 0
156 995 0
157 257 0
157 314 0
157 323 0
157 334 0
157 349 0
157 398 0
157 414 0
157 472 0
157 490 0
157 511 0
157 575 0
157 822 0
157 869 0
157 898 0
157 922 0
157 999 0
158 169 0
158 178 0
158 190 0
158 193 0
158 438 0
158 440 0
158 455 0
158 491 0
158 493 0
158 517 0
158 547 0
158 548 0
158 754 0
158 784 0
158 840 0
158 864 0
158 902 0
159 290 0
159 329 0
159 341 0
159 379 0
159 396 0
159 450 0
159 480 0
159 522 0
159 569 0
159 609 0
159 638 0
159 684 0
159 756 0
159 812 0
159 819 0
159 941 0
159 981 0
159 991 0
160 209 0
160 247 0
160 276 0
160 284 0
160 378 0
160 529 0
160 535 0
160 673 0
160 721 0
160 810 0
160 833 0
160 994 0
161 226 0
161 269 0
161 410 0
161 510 0
161 577 0
161 675 0
161 685 0
161 708 0
161 733 0
161 744 0
161 757 0
161 847 0
161 849 0
161 953 0
162 167 0
162 192 0
162 218 0
162 242 0
162 295 0
162 311 0
162 342 0
162 346 0
162 484 0
162 524 0
162 557 0
162 577 0
162 618 0
162 740 0
162 758 0
162 816 0
162 887 0
162 957 0
162 991 0
162 995 0
163 190 0
163 266 0
163 280 0
163 338 0
163 379 0
163 403 0
163 469 0
163 520 0
163 560 0
163 675 0
163 705 0
163 840 0
163 929 0
163 948 0
163 963 0
164 176 0
164 218 0
164 296 0
164 311 0
164 354 0
164 413 0
164 438 0
164 467 0
164 525 0
164 599 0
164 604 0
164 652 0
164 662 0
164 665 0
164 690 0
164 702 0
164 793 0
164 922 0
165 238 0
165 265 0
165 402 0
165 445 0
165 446 0
165 495 0
165 525 0
165 536 0
165 538 0
165 603 0
165 634 0
165 829 0
166 182 0
166 184 0
166 257 0
166 438 0
166 469 0
166 532 0
166 581 0
166 663 0
166 706 0
166 814 0
166 868 0
166 935 0
166 939 0
166 951 0
166 961 0
166 963 0
167 246 0
167 300 0
167 354 0
167 391 0
167 394 0
167 425 0
167 486 0
167 572 0
167 611 0
167 629 0
167 681 0
167 911 0
167 938 0
167 973 0
168 188 0
168 226 0
168 305 0
168 307 0
168 331 0
168 342 0
168 460 0
168 671 0
168 691 0
168 936 0
169 242 0
169 298 0
169 530 0
169 550 0
169 652 0
169 710 0
169 714 0
169 746 0
170 215 0
170 361 0
170 441 0
170 598 0
170 776 0
170 841 0
170 914 0
170 918 0
171 272 0
171 278 0
171 312 0
171 325 0
171 352 0
171 472 0
171 489 0
171 498 0
171 624 0
171 657 0
171 710 0
171 751 0
171 858 0
171 864 0
171 891 0
171 937 0
172 203 0
172 214 0
172 252 0
172 304 0
172 393 0
172 447 0
172 529 0
172 595 0
172 636 0
172 659 0
172 669 0
172 673 0
172 677 0
172 701 0
172 797 0
172 806 0
172 826 0
172 827 0
172 888 0
172 909 0
172 911 0
172 963 0
173 212 0
173 214 0
173 237 0
173 251 0
173 297 0
173 343 0
173 376 0
173 467 0
173 537 0
173 624 0
173 639 0
173 798 0
173 820 0
173 824 0
173 857 0
173 933 0
173 985 0
173 998 0
174 205 0
174 239 0
174 249 0
174 256 0
174 306 0
174 332 0
174 363 0
174 399 0
174 458 0
174 473 0
174 529 0
174 584 0
174 592 0
174 652 0
174 857 0
174 967 0
174 975 0
175 198 0
175 286 0
175 306 0
175 418 0
175 428 0
175 474 0
175 502 0
175 514 0
175 549 0
175 582 0
175 615 0
175 662 0
175 703 0
175 709 0
175 796 0
176 195 0
176 299 0
176 308 0
176 417 0
176 446 0
176 456 0
176 493 0
176 537 0
176 569 0
176 607 0
176 644 0
176 657 0
176 663 0
176 711 0
176 782 0
176 897 0
176 911 0
176 961 0
176 991 0
177 221 0
177 225 0
177 254 0
177 282 0
177 345 0
177 348 0
177 391 0
177 416 0
177 423 0
177 450 0
177 467 0
177 507 0
177 509 0
177 511 0
177 568 0
177 630 0
177 720 0
177 759 0
177 762 0
177 821 0
177 896 0
177 915 0
178 228 0
178 249 0
178 578 0
178 585 0
178 612 0
178 667 0
178 677 0
178 739 0
178 756 0
178 771 0
178 895 0
179 227 0
179 291 0
179 296 0
179 386 0
179 396 0
179 416 0
179 440 0
179 454 0
179 472 0
179 533 0
179 544 0
179 545 0
179 693 0
179 751 0
179 807 0
179 858 0
179 862 0
180 228 0
180 300 0
180 336 0
180 346 0
180 388 0
180 400 0
180 496 0
180 511 0
180 575 0
180 588 0
180 688 0
180 786 0
180 846 0
180 858 0
180 890 0
180 898 0
180 921 0
180 924 0
180 970 0
181 201 0
181 229 0
181 286 0
181 289 0
181 299 0
181 357 0
181 359 0
181 365 0
181 374 0
181 408 0
181 478 0
181 524 0
181 545 0
181 602 0
181 622 0
181 624 0
181 635 0
181 671 0
181 725 0
181 739 0
181 772 0
181 791 0
181 823 0
181 890 0
181 940 0
181 956 0
181 978 0
181 987 0
182 216 0
182 413 0
182 417 0
182 433 0
182 525 0
182 606 0
182 625 0
182 680 0
182 696 0
182 806 0
182 817 0
182 897 0
183 197 0
183 263 0
183 409 0
183 429 0
183 457 0
183 459 0
183 566 0
183 589 0
183 598 0
183 632 0
183 856 0
183 884 0
183 903 0
183 922 0
183 994 0
183 998 0
184 186 0
184 188 0
184 207 0
184 325 0
184 338 0
184 345 0
184 356 0
184 366 0
184 430 0
184 478 0
184 523 0
184 550 0
184 648 0
184 658 0
184 663 0
184 678 0
184 896 0
184 905 0
184 906 0
184 959 0
184 972 0
185 279 0
185 302 0
185 316 0
185 452 0
185 513 0
185 522 0
185 661 0
185 701 0
185 715 0
185 786 0
185 796 0
185 866 0
185 978 0
185 979 0
185 995 0
186 236 0
186 284 0
186 294 0
186 332 0
186 363 0
186 375 0
186 411 0
186 476 0
186 513 0
186 533 0
186 545 0
186 608 0
186 672 0
186 705 0
186 711 0
186 712 0
186 737 0
186 752 0
186 894 0
187 239 0
187 269 0
187 362 0
187 398 0
187 450 0
187 553 0
187 562 0
187 613 0
187 635 0
187 670 0
187 687 0
187 764 0
187 841 0
187 901 0
187 935 0
187 961 0
188 285 0
188 294 0
188 456 0
188 529 0
188 531 0
188 587 0
188 591 0
188 788 0
188 808 0
188 811 0
188 850 0
188 872 0
188 951 0
188 976 0
189 209 0
189 226 0
189 238 0
189 389 0
189 424 0
189 470 0
189 488 0
189 543 0
189 561 0
189 585 0
189 592 0
189 628 0
189 666 0
189 728 0
189 730 0
189 737 0
189 816 0
189 880 0
189 959 0
189 973 0
189 975 0
190 354 0
190 366 0
190 466 0
190 496 0
190 497 0
190 522 0
190 533 0
190 542 0
190 549 0
190 611 0
190 650 0
190 701 0
190 725 0
190 743 0
190 755 0
190 919 0
190 939 0
190 953 0
190 970 0
191 196 0
191 254 0
191 282 0
191 292 0
191 331 0
191 418 0
191 423 0
191 445 0
191 504 0
191 524 0
191 531 0
191 540 0
191 548 0
191 549 0
191 572 0
191 579 0
191 628 0
191 664 0
191 667 0
191 785 0
191 826 0
191 828 0
191 858 0
191 874 0
191 879 0
191 920 0
191 945 0
192 286 0
192 312 0
192 340 0
192 462 0
192 521 0
192 585 0
192 595 0
192 673 0
192 707 0
192 723 0
192 726 0
192 762 0
192 798 0
192 813 0
192 839 0
192 841 0
192 904 0
193 235 0
193 249 0
193 323 0
193 354 0
193 459 0
193 548 0
193 572 0
193 589 0
193 751 0
193 764 0
193 795 0
193 810 0
193 917 0
193 932 0
193 952 0
193 969 0
193 974 0
193 984 0
194 197 0
194 210 0
194 349 0
194 498 0
194 677 0
194 848 0
194 851 0
194 884 0
194 886 0
194 932 0
194 953 0
195 210 0
195 243 0
195 315 0
195 376 0
195 474 0
195 475 0
195 491 0
195 680 0
195 712 0
195 791 0
195 825 0
195 960 0
195 981 0
195 985 0
196 234 0
196 275 0
196 382 0
196 425 0
196 450 0
196 506 0
196 508 0
196 542 0
196 688 0
196 694 0
196 700 0
196 735 0
196 742 0
196 795 0
196 810 0
196 841 0
196 875 0
196 882 0
196 890 0
196 893 0
196 937 0
196 967 0
197 272 0
197 334 0
197 365 0
197 389 0
197 470 0
197 615 0
197 650 0
197 665 0
197 760 0
197 817 0
197 842 0
197 897 0
197 898 0
197 930 0
197 967 0
198 201 0
198 268 0
198 444 0
198 575 0
198 579 0
198 643 0
198 704 0
198 713 0
198 732 0
198 790 0
199 224 0
199 274 0
199 295 0
199 350 0
199 481 0
199 487 0
199 515 0
199 533 0
199 585 0
199 589 0
199 594 0
199 642 0
199 767 0
199 782 0
199 803 0
199 834 0
199 856 0
199 888 0
199 911 0
199 912 0
200 220 0
200 232 0
200 278 0
200 317 0
200 390 0
200 401 0
200 417 0
200 419 0
200 452 0
200 487 0
200 520 0
200 540 0
200 553 0
200 581 0
200 613 0
200 616 0
200 969 0
201 278 0
201 336 0
201 364 0
201 391 0
201 409 0
201 435 0
201 484 0
201 560 0
201 710 0
201 712 0
201 727 0
201 775 0
201 830 0
201 948 0
202 235 0
202 269 0
202 321 0
202 339 0
202 386 0
202 390 0
202 475 0
202 545 0
202 574 0
202 591 0
202 652 0
202 735 0
202 957 0
202 991 0
203 288 0
203 384 0
203 396 0
203 414 0
203 517 0
203 605 0
203 651 0
203 724 0
203 732 0
203 784 0
204 261 0
204 274 0
204 302 0
204 316 0
204 321 0
204 374 0
204 379 0
204 432 0
204 546 0
204 662 0
204 779 0
204 810 0
204 881 0
204 951 0
205 207 0
205 213 0
205 222 0
205 402 0
205 405 0
205 444 0
205 449 0
205 477 0
205 478 0
205 482 0
205 505 0
205 527 0
205 602 0
205 737 0
205 779 0
205 825 0
205 878 0
205 891 0
205 963 0
205 968 0
205 981 0
206 334 0
206 341 0
206 503 0
206 587 0
206 589 0
206 687 0
206 746 0
206 850 0
206 966 0
206 969 0
206 987 0
207 255 0
207 310 0
207 340 0
207 379 0
207 384 0
207 395 0
207 397 0
207 420 0
207 458 0
207 587 0
207 684 0
207 697 0
207 711 0
207 753 0
207 766 0
207 794 0
207 869 0
207 912 0
208 244 0
208 313 0
208 459 0
208 462 0
208 463 0
208 466 0
208 602 0
208 725 0
208 739 0
208 748 0
208 901 0
208 941 0
208 984 0
208 993 0
209 422 0
209 495 0
209 500 0
209 502 0
209 807 0
209 859 0
209 869 0
209 889 0
209 892 0
209 949 0
209 958 0
210 229 0
210 446 0
210 453 0
210 529 0
210 556 0
210 565 0
210 606 0
210 623 0
210 646 0
210 705 0
210 750 0
210 841 0
211 281 0
211 345 0
211 361 0
211 385 0
211 439 0
211 480 0
211 545 0
211 576 0
211 684 0
211 715 0
211 739 0
211 777 0
211 779 0
211 796 0
211 832 0
211 851 0
211 946 0
211 951 0
211 977 0
211 995 0
212 252 0
212 327 0
212 346 0
212 509 0
212 527 0
212 616 0
212 635 0
212 669 0
212 737 0
212 761 0
212 789 0
212 841 0
212 909 0
212 915 0
212 938 0
212 992 0
212 994 0
212 996 0
213 265 0
213 388 0
213 404 0
213 440 0
213 453 0
213 709 0
213 710 0
213 819 0
213 856 0
214 363 0
214 420 0
214 422 0
214 486 0
214 532 0
214 574 0
214 603 0
214 637 0
214 660 0
214 714 0
214 745 0
214 802 0
214 931 0
214 966 0
215 217 0
215 318 0
215 349 0
215 353 0
215 406 0
215 407 0
215 420 0
215 428 0
215 459 0
215 487 0
215 508 0
215 514 0
215 579 0
215 634 0
215 645 0
215 689 0
215 936 0
215 976 0
215 988 0
216 289 0
216 349 0
216 361 0
216 434 0
216 508 0
216 519 0
216 562 0
216 600 0
216 658 0
216 691 0
216 768 0
216 796 0
216 909 0
216 935 0
217 291 0
217 382 0
217 515 0
217 564 0
217 657 0
217 783 0
217 847 0
217 933 0
217 981 0
218 323 0
218 332 0
218 334 0
218 341 0
218 382 0
218 391 0
218 404 0
218 453 0
218 464 0
218 472 0
218 603 0
218 611 0
218 626 0
218 686 0
218 712 0
218 756 0
218 802 0
218 863 0
218 890 0
219 336 0
219 373 0
219 378 0
219 390 0
219 395 0
219 419 0
219 602 0
219 613 0
219 642 0
219 674 0
219 736 0
219 743 0
219 768 0
219 793 0
219 808 0
219 888 0
219 894 0
220 238 0
220 248 0
220 412 0
220 471 0
220 534 0
220 627 0
220 641 0
220 648 0
220 786 0
220 875 0
220 885 0
220 915 0
221 260 0
221 348 0
221 375 0
221 391 0
221 453 0
221 457 0
221 501 0
221 510 0
221 548 0
221 681 0
221 698 0
221 710 0
221 740 0
221 780 0
221 836 0
221 839 0
221 929 0
221 930 0
221 997 0
222 239 0
222 296 0
222 314 0
222 328 0
222 411 0
222 436 0
222 526 0
222 614 0
222 625 0
222 657 0
222 760 0
222 865 0
222 964 0
223 256 0
223 276 0
223 312 0
223 318 0
223 326 0
223 344 0
223 511 0
223 584 0
223 593 0
223 596 0
223 617 0
223 623 0
223 822 0
223 875 0
223 957 0
223 967 0
223 979 0
224 226 0
224 255 0
224 324 0
224 339 0
224 425 0
224 461 0
224 550 0
224 602 0
224 673 0
224 680 0
224 702 0
224 706 0
224 839 0
224 937 0
224 975 0
224 976 0
225 243 0
225 330 0
225 355 0
225 418 0
225 443 0
225 494 0
225 498 0
225 591 0
225 629 0
225 638 0
225 695 0
225 698 0
225 751 0
225 752 0
225 801 0
225 813 0
225 828 0
225 846 0
225 867 0
225 881 0
225 897 0
225 907 0
225 928 0
225 939 0
225 962 0
225 996 0
226 236 0
226 240 0
226 299 0
226 361 0
226 413 0
226 472 0
226 491 0
226 555 0
226 640 0
226 646 0
226 672 0
226 765 0
226 792 0
226 964 0
227 324 0
227 334 0
227 522 0
227 549 0
227 661 0
227 730 0
227 812 0
227 843 0
227 928 0
227 982 0
227 996 0
228 365 0
228 450 0
228 622 0
228 646 0
228 673 0
228 691 0
228 705 0
228 711 0
228 792 0
228 809 0
228 820 0
228 852 0
228 868 0
228 875 0
228 886 0
228 954 0
229 301 0
229 332 0
229 379 0
229 400 0
229 411 0
229 458 0
229 730 0
229 795 0
229 829 0
229 840 0
229 874 0
229 890 0
229 909 0
229 935 0
230 312 0
230 322 0
230 371 0
230 374 0
230 447 0
230 556 0
230 565 0
230 638 0
230 701 0
230 776 0
230 874 0
230 921 0
230 975 0
231 270 0
231 302 0
231 353 0
231 396 0
231 443 0
231 452 0
231 587 0
231 593 0
231 595 0
231 598 0
231 635 0
231 728 0
231 732 0
231 741 0
231 747 0
231 780 0
231 804 0
231 836 0
231 955 0
232 233 0
232 240 0
232 252 0
232 259 0
232 338 0
232 415 0
232 433 0
232 438 0
232 504 0
232 533 0
232 559 0
232 615 0
232 673 0
232 825 0
232 827 0
232 853 0
232 963 0
232 978 0
232 999 0
233 244 0
233 259 0
233 304 0
233 408 0
233 493 0
233 600 0
233 606 0
233 617 0
233 745 0
233 747 0
233 780 0
233 783 0
233 795 0
233 814 0
233 831 0
233 915 0
233 990 0
233 996 0
234 273 0
234 305 0
234 312 0
234 319 0
234 332 0
234 353 0
234 368 0
234 404 0
234 459 0
234 476 0
234 490 0
234 565 0
234 624 0
234 643 0
234 768 0
234 827 0
234 873 0
234 897 0
235 243 0
235 306 0
235 316 0
235 525 0
235 699 0
235 781 0
235 820 0
235 978 0
235 981 0
235 992 0
236 369 0
236 392 0
236 413 0
236 510 0
236 558 0
236 576 0
236 650 0
236 690 0
236 700 0
236 759 0
236 885 0
236 899 0
236 917 0
236 933 0
236 962 0
237 265 0
237 354 0
237 374 0
237 385 0
237 398 0
237 412 0
237 443 0
237 464 0
237 518 0
237 544 0
237 638 0
237 687 0
237 851 0
238 302 0
238 341 0
238 345 0
238 420 0
238 436 0
238 456 0
238 489 0
238 493 0
238 594 0
238 646 0
238 680 0
238 779 0
238 816 0
238 896 0
238 904 0
238 908 0
239 278 0
239 289 0
239 306 0
239 467 0
239 494 0
239 527 0
239 538 0
239 551 0
239 678 0
239 691 0
239 741 0
239 758 0
239 812 0
239 947 0
239 955 0
239 966 0
240 245 0
240 281 0
240 292 0
240 360 0
240 363 0
240 429 0
240 432 0
240 503 0
240 530 0
240 542 0
240 543 0
240 612 0
240 696 0
240 725 0
240 731 0
240 741 0
240 929 0
241 332 0
241 423 0
241 446 0
241 448 0
241 451 0
241 512 0
241 605 0
241 662 0
241 701 0
241 719 0
241 841 0
241 867 0
241 915 0
241 961 0
242 266 0
242 351 0
242 437 0
242 447 0
242 472 0
242 494 0
242 753 0
242 778 0
242 955 0
242 963 0
242 995 0
243 378 0
243 417 0
243 490 0
243 492 0
243 601 0
243 653 0
243 779 0
243 794 0
243 861 0
243 890 0
243 940 0
243 955 0
243 979 0
244 249 0
244 260 0
244 309 0
244 313 0
244 346 0
244 540 0
244 554 0
244 581 0
244 603 0
244 627 0
244 830 0
244 878 0
244 988 0
245 444 0
245 476 0
245 488 0
245 652 0
245 683 0
245 715 0
245 727 0
245 730 0
245 754 0
245 755 0
245 798 0
245 866 0
245 890 0
245 954 0
246 279 0
246 287 0
246 311 0
246 317 0
246 346 0
246 370 0
246 413 0
246 474 0
246 514 0
246 526 0
246 566 0
246 607 0
246 678 0
246 732 0
246 734 0
246 775 0
246 777 0
246 782 0
246 792 0
246 977 0
247 254 0
247 287 0
247 372 0
247 414 0
247 417 0
247 450 0
247 481 0
247 516 0
247 610 0
247 642 0
247 745 0
247 756 0
247 900 0
247 946 0
248 310 0
248 345 0
248 540 0
248 608 0
248 693 0
248 743 0
248 744 0
248 754 0
248 940 0
248 998 0
249 320 0
249 365 0
249 413 0
249 433 0
249 567 0
249 591 0
249 598 0
249 662 0
249 740 0
249 777 0
249 823 0
249 833 0
249 852 0
249 944 0
249 975 0
250 260 0
250 294 0
250 321 0
250 347 0
250 381 0
250 383 0
250 420 0
250 423 0
250 461 0
250 529 0
250 530 0
250 540 0
250 541 0
250 558 0
250 566 0
250 695 0
250 710 0
250 717 0
250 800 0
250 886 0
251 282 0
251 290 0
251 299 0
251 469 0
251 549 0
251 620 0
251 623 0
251 674 0
251 689 0
251 810 0
251 883 0
252 257 0
252 426 0
252 443 0
252 469 0
252 486 0
252 495 0
252 509 0
252 526 0
252 594 0
252 627 0
252 655 0
252 685 0
252 738 0
252 817 0
252 818 0
252 824 0
252 874 0
252 881 0
252 933 0
253 316 0
253 353 0
253 533 0
253 598 0
253 641 0
253 656 0
253 661 0
253 685 0
253 703 0
253 728 0
253 774 0
253 812 0
253 825 0
253 886 0
253 925 0
253 968 0
254 257 0
254 339 0
254 399 0
254 400 0
254 415 0
254 418 0
254 442 0
254 464 0
254 553 0
254 567 0
254 591 0
254 596 0
254 727 0
254 749 0
254 765 0
254 797 0
254 840 0
254 961 0
254 968 0
255 302 0
255 370 0
255 399 0
255 453 0
255 454 0
255 505 0
255 524 0
255 566 0
255 637 0
255 721 0
255 731 0
255 773 0
255 805 0
255 817 0
255 829 0
255 851 0
255 883 0
255 933 0
255 939 0
256 259 0
256 295 0
256 315 0
256 375 0
256 427 0
256 439 0
256 487 0
256 508 0
256 554 0
256 593 0
256 705 0
256 786 0
256 851 0
256 941 0
256 981 0
257 295 0
257 305 0
257 329 0
257 392 0
257 490 0
257 555 0
257 561 0
257 565 0
257 607 0
257 615 0
257 665 0
257 668 0
257 763 0
257 766 0
257 841 0
257 862 0
257 963 0
257 966 0
258 265 0
258 393 0
258 539 0
258 551 0
258 580 0
258 650 0
258 670 0
258 756 0
258 772 0
258 786 0
258 811 0
258 890 0
258 972 0
259 294 0
259 297 0
259 319 0
259 339 0
259 350 0
259 382 0
259 405 0
259 537 0
259 613 0
259 620 0
259 760 0
259 762 0
259 764 0
259 802 0
259 851 0
259 861 0
259 952 0
260 261 0
260 314 0
260 336 0
260 350 0
260 365 0
260 438 0
260 462 0
260 558 0
260 570 0
260 631 0
260 632 0
260 689 0
260 758 0
260 767 0
261 272 0
261 317 0
261 335 0
261 419 0
261 453 0
261 550 0
261 576 0
261 583 0
261 640 0
261 662 0
261 736 0
261 842 0
261 874 0
261 945 0
261 984 0
262 297 0
262 345 0
262 357 0
262 460 0
262 565 0
262 582 0
262 589 0
262 652 0
262 654 0
262 677 0
262 687 0
262 699 0
262 737 0
262 744 0
262 828 0
262 856 0
262 863 0
262 884 0
262 926 0
262 962 0
263 271 0
263 309 0
263 443 0
263 465 0
263 555 0
263 579 0
263 761 0
263 774 0
263 779 0
263 796 0
263 898 0
263 965 0
263 978 0
263 997 0
264 345 0
264 355 0
264 444 0
264 451 0
264 471 0
264 473 0
264 538 0
264 610 0
264 659 0
264 686 0
264 704 0
264 766 0
264 797 0
264 808 0
264 846 0
264 877 0
264 969 0
265 493 0
265 556 0
265 599 0
265 609 0
265 657 0
265 675 0
265 800 0
265 810 0
265 892 0
265 896 0
266 276 0
266 431 0
266 501 0
266 580 0
266 667 0
266 685 0
266 778 0
266 957 0
266 991 0
267 361 0
267 363 0
267 409 0
267 519 0
267 612 0
267 652 0
267 692 0
267 788 0
267 824 0
267 835 0
267 838 0
267 995 0
268 516 0
268 526 0
268 542 0
268 585 0
268 600 0
268 625 0
268 633 0
268 640 0
268 686 0
268 690 0
268 876 0
268 952 0
269 424 0
269 537 0
269 558 0
269 615 0
269 668 0
269 716 0
269 781 0
269 930 0
269 967 0
269 970 0
270 286 0
270 363 0
270 446 0
270 464 0
270 489 0
270 534 0
270 556 0
270 600 0
270 638 0
270 674 0
270 676 0
270 682 0
270 732 0
270 742 0
270 791 0
270 799 0
270 802 0
270 805 0
270 833 0
270 836 0
270 871 0
270 891 0
270 933 0
270 942 0
271 278 0
271 361 0
271 427 0
271 519 0
271 555 0
271 601 0
271 659 0
271 684 0
271 707 0
271 745 0
271 786 0
271 912 0
271 950 0
272 277 0
272 409 0
272 412 0
272 425 0
272 527 0
272 570 0
272 575 0
272 628 0
272 649 0
272 677 0
272 694 0
272 733 0
272 782 0
272 813 0
272 830 0
272 863 0
272 900 0
272 916 0
272 919 0
272 957 0
273 276 0
273 362 0
273 369 0
273 396 0
273 402 0
273 490 0
273 509 0
273 753 0
273 802 0
273 803 0
273 861 0
273 897 0
273 928 0
274 309 0
274 379 0
274 402 0
274 510 0
274 547 0
274 645 0
274 713 0
274 746 0
274 775 0
274 779 0
274 807 0
274 851 0
275 318 0
275 340 0
275 341 0
275 344 0
275 395 0
275 457 0
275 471 0
275 564 0
275 568 0
275 569 0
275 596 0
275 600 0
275 603 0
275 627 0
275 629 0
275 741 0
275 756 0
275 758 0
275 890 0
275 942 0
275 971 0
275 976 0
276 295 0
276 302 0
276 313 0
276 331 0
276 340 0
276 374 0
276 436 0
276 493 0
276 512 0
276 641 0
276 881 0
277 359 0
277 401 0
277 441 0
277 514 0
277 587 0
277 683 0
277 716 0
277 732 0
277 751 0
277 847 0
277 965 0
278 328 0
278 395 0
278 403 0
278 437 0
278 546 0
278 579 0
278 601 0
278 627 0
278 700 0
278 709 0
278 774 0
278 802 0
278 868 0
278 890 0
278 928 0
279 283 0
279 292 0
279 339 0
279 378 0
279 418 0
279 474 0
279 516 0
279 579 0
279 837 0
280 296 0
280 365 0
280 383 0
280 452 0
280 480 0
280 502 0
280 555 0
280 670 0
280 732 0
280 827 0
280 928 0
281 283 0
281 310 0
281 525 0
281 604 0
281 609 0
281 625 0
281 680 0
281 688 0
281 765 0
281 828 0
281 966 0
282 317 0
282 325 0
282 430 0
282 460 0
282 487 0
282 610 0
282 620 0
282 621 0
282 626 0
282 729 0
282 912 0
282 913 0
282 915 0
282 945 0
283 285 0
283 401 0
283 582 0
283 662 0
283 732 0
283 788 0
283 865 0
283 887 0
283 953 0
283 963 0
284 301 0
284 334 0
284 373 0
284 401 0
284 574 0
284 598 0
284 695 0
284 714 0
284 723 0
284 748 0
284 815 0
284 873 0
284 911 0
284 985 0
285 352 0
285 355 0
285 454 0
285 516 0
285 520 0
285 561 0
285 569 0
285 662 0
285 719 0
285 746 0
285 760 0
285 794 0
285 824 0
285 881 0
285 883 0
285 957 0
286 295 0
286 297 0
286 314 0
286 386 0
286 433 0
286 528 0
286 569 0
286 724 0
286 740 0
286 752 0
286 760 0
286 792 0
286 843 0
287 357 0
287 384 0
287 394 0
287 430 0
287 604 0
287 629 0
287 637 0
287 658 0
287 907 0
288 296 0
288 307 0
288 340 0
288 374 0
288 401 0
288 429 0
288 531 0
288 544 0
288 580 0
288 582 0
288 636 0
288 672 0
288 683 0
288 712 0
288 746 0
288 753 0
288 823 0
288 934 0
289 299 0
289 405 0
289 421 0
289 444 0
289 451 0
289 605 0
289 661 0
289 736 0
289 837 0
290 321 0
290 323 0
290 347 0
290 375 0
290 377 0
290 484 0
290 504 0
290 528 0
290 540 0
290 653 0
290 709 0
290 716 0
290 720 0
290 810 0
290 851 0
290 905 0
290 997 0
291 320 0
291 327 0
291 341 0
291 422 0
291 439 0
291 447 0
291 628 0
291 661 0
291 704 0
291 712 0
291 726 0
291 820 0
291 867 0
291 950 0
291 954 0
291 999 0
292 376 0
292 471 0
292 533 0
292 718 0
292 800 0
292 836 0
292 860 0
292 880 0
292 933 0
293 344 0
293 555 0
293 605 0
293 648 0
293 681 0
293 707 0
293 796 0
293 820 0
293 861 0
293 867 0
293 869 0
293 910 0
294 300 0
294 359 0
294 368 0
294 425 0
294 428 0
294 543 0
294 584 0
294 623 0
294 697 0
294 733 0
294 741 0
294 758 0
294 778 0
294 825 0
294 916 0
294 953 0
294 963 0
294 975 0
295 350 0
295 397 0
295 459 0
295 518 0
295 522 0
295 528 0
295 532 0
295 536 0
295 547 0
295 606 0
295 723 0
295 791 0
295 795 0
295 838 0
295 871 0
295 876 0
295 881 0
295 896 0
295 924 0
295 958 0
296 312 0
296 329 0
296 397 0
296 431 0
296 441 0
296 452 0
296 474 0
296 487 0
296 488 0
296 518 0
296 530 0
296 716 0
296 772 0
296 777 0
296 778 0
296 815 0
296 835 0
296 883 0
296 899 0
297 357 0
297 375 0
297 463 0
297 474 0
297 477 0
297 482 0
297 517 0
297 586 0
297 639 0
297 663 0
297 674 0
297 734 0
297 819 0
297 850 0
297 975 0
297 980 0
298 322 0
298 468 0
298 474 0
298 477 0
298 551 0
298 558 0
298 559 0
298 560 0
298 586 0
298 620 0
298 650 0
298 671 0
298 714 0
298 737 0
298 923 0
298 996 0
299 346 0
299 364 0
299 368 0
299 411 0
299 440 0
299 467 0
299 469 0
299 535 0
299 563 0
299 590 0
299 612 0
299 615 0
299 679 0
299 746 0
299 781 0
299 820 0
299 821 0
299 822 0
299 845 0
299 864 0
299 889 0
299 959 0
299 976 0
299 998 0
300 307 0
300 317 0
300 417 0
300 457 0
300 505 0
300 575 0
300 589 0
300 645 0
300 652 0
300 847 0
300 884 0
300 888 0
300 922 0
301 366 0
301 404 0
301 524 0
301 675 0
301 709 0
301 731 0
301 770 0
301 773 0
301 816 0
301 854 0
301 869 0
301 882 0
301 889 0
301 905 0
301 955 0
301 964 0
301 969 0
302 376 0
302 419 0
302 461 0
302 467 0
302 496 0
302 620 0
302 792 0
302 809 0
302 824 0
302 863 0
302 901 0
303 304 0
303 412 0
303 558 0
303 626 0
303 655 0
303 931 0
303 940 0
303 957 0
303 975 0
304 316 0
304 475 0
304 477 0
304 577 0
304 594 0
304 601 0
304 667 0
304 683 0
304 790 0
304 810 0
304 816 0
304 882 0
304 923 0
304 952 0
304 962 0
304 964 0
305 371 0
305 429 0
305 431 0
305 551 0
305 621 0
305 682 0
305 754 0
305 856 0
305 938 0
305 949 0
306 344 0
306 449 0
306 459 0
306 561 0
306 574 0
306 748 0
306 824 0
306 845 0
306 912 0
306 933 0
307 310 0
307 400 0
307 412 0
307 418 0
307 643 0
307 652 0
307 665 0
307 688 0
307 727 0
307 740 0
307 770 0
307 833 0
307 912 0
307 973 0
307 979 0
308 408 0
308 551 0
308 671 0
308 793 0
308 824 0
308 904 0
308 951 0
308 956 0
308 979 0
309 310 0
309 332 0
309 380 0
309 413 0
309 461 0
309 506 0
309 519 0
309 521 0
309 557 0
309 574 0
309 587 0
309 592 0
309 627 0
309 641 0
309 732 0
309 754 0
309 850 0
309 883 0
309 896 0
309 928 0
309 962 0
310 324 0
310 480 0
310 494 0
310 518 0
310 539 0
310 546 0
310 573 0
310 598 0
310 668 0
310 712 0
310 746 0
310 865 0
310 932 0
310 983 0
311 330 0
311 374 0
311 438 0
311 462 0
311 469 0
311 512 0
311 629 0
311 632 0
311 730 0
311 747 0
311 805 0
311 874 0
311 927 0
311 949 0
311 985 0
312 344 0
312 420 0
312 431 0
312 536 0
312 654 0
312 655 0
312 804 0
312 828 0
312 864 0
312 894 0
312 990 0
313 321 0
313 394 0
313 438 0
313 446 0
313 473 0
313 494 0
313 571 0
313 658 0
313 743 0
313 766 0
313 782 0
313 834 0
313 849 0
313 856 0
313 863 0
313 891 0
313 900 0
313 926 0
313 972 0
313 996 0
314 330 0
314 366 0
314 379 0
314 389 0
314 432 0
314 457 0
314 564 0
314 581 0
314 713 0
314 731 0
314 754 0
314 805 0
314 812 0
314 887 0
314 917 0
314 925 0
315 455 0
315 466 0
315 518 0
315 625 0
315 671 0
315 722 0
315 827 0
315 861 0
315 893 0
315 955 0
316 394 0
316 437 0
316 481 0
316 489 0
316 505 0
316 536 0
316 571 0
316 596 0
316 601 0
316 611 0
316 648 0
316 659 0
316 686 0
316 734 0
316 739 0
316 770 0
316 772 0
316 785 0
316 810 0
316 856 0
316 904 0
316 906 0
316 926 0
317 349 0
317 363 0
317 373 0
317 413 0
317 434 0
317 454 0
317 463 0
317 501 0
317 556 0
317 698 0
317 704 0
317 817 0
317 856 0
317 864 0
317 903 0
317 914 0
317 916 0
317 943 0
317 952 0
317 992 0
318 530 0
318 651 0
318 688 0
318 715 0
318 777 0
318 792 0
318 808 0
318 824 0
318 904 0
318 907 0
318 968 0
319 367 0
319 373 0
319 619 0
319 643 0
319 663 0
319 708 0
319 752 0
319 763 0
319 773 0
319 775 0
319 781 0
319 820 0
319 841 0
319 940 0
320 434 0
320 595 0
320 676 0
320 744 0
320 754 0
320 763 0
320 768 0
320 771 0
320 867 0
320 893 0
320 922 0
320 924 0
321 323 0
321 344 0
321 358 0
321 391 0
321 419 0
321 529 0
321 550 0
321 612 0
321 741 0
321 866 0
321 909 0
321 911 0
321 917 0
321 967 0
321 992 0
322 413 0
322 462 0
322 536 0
322 569 0
322 590 0
322 664 0
322 696 0
322 701 0
322 787 0
322 846 0
322 848 0
323 354 0
323 378 0
323 433 0
323 515 0
323 706 0
323 736 0
323 786 0
323 802 0
323 833 0
323 858 0
323 869 0
323 870 0
323 871 0
323 912 0
323 970 0
323 989 0
324 325 0
324 384 0
324 389 0
324 392 0
324 396 0
324 414 0
324 584 0
324 609 0
324 629 0
324 659 0
324 672 0
324 692 0
324 811 0
324 830 0
324 857 0
324 946 0
325 365 0
325 447 0
325 522 0
325 662 0
325 683 0
325 738 0
325 767 0
325 807 0
325 886 0
325 902 0
325 947 0
325 961 0
326 362 0
326 364 0
326 433 0
326 689 0
326 724 0
326 736 0
326 779 0
326 807 0
326 885 0
326 905 0
326 906 0
326 917 0
326 919 0
326 957 0
326 968 0
326 987 0
327 585 0
327 602 0
327 637 0
327 666 0
327 681 0
327 696 0
327 727 0
327 741 0
327 806 0
327 816 0
327 885 0
327 921 0
327 922 0
327 952 0
328 503 0
328 510 0
328 532 0
328 544 0
328 592 0
328 638 0
328 657 0
328 705 0
328 714 0
328 791 0
328 795 0
328 800 0
328 860 0
328 988 0
329 332 0
329 346 0
329 367 0
329 556 0
329 600 0
329 601 0
329 613 0
329 670 0
329 674 0
329 685 0
329 779 0
329 798 0
329 841 0
329 842 0
329 869 0
329 887 0
329 969 0
330 346 0
330 408 0
330 465 0
330 501 0
330 505 0
330 566 0
330 608 0
330 613 0
330 666 0
330 703 0
330 707 0
330 716 0
330 882 0
330 932 0
330 985 0
331 333 0
331 456 0
331 571 0
331 644 0
331 908 0
331 974 0
332 381 0
332 485 0
332 497 0
332 520 0
332 563 0
332 620 0
332 650 0
332 657 0
332 675 0
332 749 0
332 774 0
332 817 0
332 914 0
332 969 0
333 379 0
333 407 0
333 413 0
333 438 0
333 444 0
333 494 0
333 604 0
333 696 0
333 750 0
333 774 0
333 810 0
333 827 0
333 840 0
333 844 0
333 918 0
333 926 0
333 944 0
334 432 0
334 474 0
334 484 0
334 551 0
334 553 0
334 604 0
334 612 0
334 753 0
334 816 0
334 854 0
334 855 0
334 867 0
334 904 0
335 430 0
335 486 0
335 511 0
335 528 0
335 584 0
335 677 0
335 686 0
335 722 0
335 749 0
335 775 0
335 795 0
335 797 0
335 803 0
335 906 0
336 392 0
336 461 0
336 511 0
336 535 0
336 623 0
336 791 0
336 867 0
336 925 0
336 968 0
337 376 0
337 496 0
337 567 0
337 588 0
337 612 0
337 631 0
337 644 0
337 661 0
337 744 0
337 831 0
337 869 0
337 882 0
337 961 0
337 976 0
338 356 0
338 371 0
338 400 0
338 426 0
338 576 0
338 601 0
338 737 0
338 739 0
338 765 0
338 786 0
338 947 0
338 960 0
338 966 0
338 973 0
339 571 0
339 590 0
339 665 0
339 688 0
339 760 0
339 779 0
339 837 0
339 850 0
339 913 0
339 966 0
340 387 0
340 478 0
340 525 0
340 590 0
340 626 0
340 675 0
340 692 0
340 708 0
340 753 0
340 789 0
340 804 0
340 922 0
341 342 0
341 386 0
341 470 0
341 471 0
341 614 0
341 695 0
341 703 0
341 755 0
341 771 0
341 827 0
341 855 0
341 870 0
341 888 0
341 894 0
341 911 0
341 961 0
341 981 0
341 983 0
341 995 0
342 358 0
342 497 0
342 516 0
342 576 0
342 586 0
342 742 0
342 757 0
342 770 0
342 814 0
342 840 0
342 862 0
343 352 0
343 400 0
343 580 0
343 630 0
343 708 0
343 898 0
343 911 0
343 951 0
344 406 0
344 454 0
344 465 0
344 481 0
344 526 0
344 597 0
344 614 0
344 775 0
344 780 0
344 832 0
344 836 0
344 902 0
344 908 0
344 909 0
344 916 0
344 939 0
344 965 0
344 995 0
345 348 0
345 403 0
345 416 0
345 445 0
345 512 0
345 523 0
345 530 0
345 553 0
345 562 0
345 569 0
345 603 0
345 624 0
345 638 0
345 654 0
345 656 0
345 663 0
345 688 0
345 706 0
345 717 0
345 718 0
345 807 0
345 839 0
345 917 0
345 964 0
345 965 0
346 355 0
346 458 0
346 480 0
346 519 0
346 570 0
346 617 0
346 619 0
346 664 0
346 725 0
346 726 0
346 748 0
346 797 0
346 813 0
346 816 0
346 905 0
347 352 0
347 414 0
347 500 0
347 521 0
347 532 0
347 648 0
347 667 0
347 766 0
347 807 0
347 860 0
348 360 0
348 420 0
348 468 0
348 471 0
348 602 0
348 699 0
348 735 0
348 873 0
348 892 0
348 963 0
348 979 0
349 351 0
349 359 0
349 463 0
349 535 0
349 583 0
349 616 0
349 644 0
349 678 0
349 709 0
349 718 0
349 721 0
349 738 0
349 828 0
349 832 0
349 894 0
350 358 0
350 394 0
350 409 0
350 420 0
350 494 0
350 520 0
350 704 0
350 872 0
350 952 0
351 361 0
351 463 0
351 540 0
351 561 0
351 579 0
351 615 0
351 668 0
351 673 0
351 709 0
351 859 0
351 957 0
352 400 0
352 418 0
352 498 0
352 623 0
352 705 0
352 754 0
352 756 0
352 899 0
352 941 0
352 986 0
352 993 0
353 415 0
353 543 0
353 649 0
353 680 0
353 745 0
353 801 0
353 895 0
353 930 0
353 987 0
354 367 0
354 439 0
354 549 0
354 556 0
354 596 0
354 632 0
354 697 0
354 702 0
354 766 0
354 814 0
354 818 0
354 827 0
354 829 0
354 832 0
354 959 0
354 965 0
355 357 0
355 451 0
355 486 0
355 537 0
355 569 0
355 593 0
355 603 0
355 631 0
355 660 0
355 699 0
355 724 0
355 753 0
355 786 0
355 902 0
355 922 0
355 927 0
355 954 0
355 958 0
356 385 0
356 387 0
356 400 0
356 426 0
356 436 0
356 440 0
356 485 0
356 511 0
356 618 0
356 621 0
356 808 0
356 823 0
356 986 0
357 443 0
357 467 0
357 545 0
357 622 0
357 693 0
357 702 0
357 711 0
357 753 0
357 777 0
357 863 0
357 897 0
357 994 0
358 366 0
358 408 0
358 457 0
358 481 0
358 609 0
358 642 0
358 722 0
358 826 0
358 839 0
358 884 0
358 916 0
358 940 0
359 411 0
359 413 0
359 430 0
359 486 0
359 553 0
359 573 0
359 587 0
359 594 0
359 632 0
359 656 0
359 801 0
359 817 0
359 928 0
359 984 0
360 440 0
360 454 0
360 489 0
360 555 0
360 779 0
360 888 0
360 892 0
360 894 0
360 982 0
361 585 0
361 623 0
361 676 0
361 859 0
361 911 0
361 933 0
361 963 0
362 448 0
362 450 0
362 473 0
362 501 0
362 545 0
362 553 0
362 677 0
362 813 0
362 856 0
362 958 0
363 366 0
363 390 0
363 405 0
363 466 0
363 509 0
363 538 0
363 719 0
363 752 0
363 762 0
363 763 0
363 785 0
363 804 0
363 809 0
363 845 0
363 869 0
363 880 0
363 949 0
363 967 0
363 988 0
364 453 0
364 500 0
364 560 0
364 658 0
364 765 0
364 878 0
365 515 0
365 524 0
365 583 0
365 642 0
365 682 0
365 772 0
365 833 0
365 864 0
365 934 0
365 944 0
365 947 0
365 975 0
366 391 0
366 416 0
366 442 0
366 466 0
366 503 0
366 509 0
366 516 0
366 520 0
366 533 0
366 555 0
366 577 0
366 656 0
366 800 0
366 820 0
366 863 0
366 901 0
366 957 0
366 989 0
367 432 0
367 474 0
367 540 0
367 680 0
367 684 0
367 722 0
367 751 0
367 800 0
367 833 0
367 844 0
367 882 0
367 995 0
368 376 0
368 540 0
368 604 0
368 611 0
368 650 0
368 684 0
368 701 0
368 718 0
368 793 0
368 808 0
368 824 0
368 856 0
368 868 0
368 884 0
368 939 0
369 378 0
369 415 0
369 444 0
369 486 0
369 611 0
369 617 0
369 656 0
369 803 0
369 898 0
369 991 0
370 413 0
370 418 0
370 670 0
370 674 0
370 726 0
370 760 0
370 763 0
370 765 0
370 789 0
370 799 0
370 800 0
370 837 0
370 860 0
370 874 0
370 940 0
371 408 0
371 582 0
371 611 0
371 636 0
371 644 0
371 684 0
371 686 0
371 751 0
371 894 0
371 907 0
372 465 0
372 558 0
372 611 0
372 623 0
372 666 0
372 683 0
372 887 0
372 971 0
373 420 0
373 467 0
373 486 0
373 509 0
373 557 0
373 608 0
373 678 0
373 734 0
373 782 0
373 795 0
373 890 0
373 940 0
373 999 0
374 415 0
374 498 0
374 537 0
374 538 0
374 556 0
374 590 0
374 592 0
374 675 0
374 735 0
374 886 0
374 963 0
375 421 0
375 464 0
375 469 0
375 504 0
375 511 0
375 644 0
375 650 0
375 678 0
375 761 0
375 810 0
375 876 0
375 900 0
375 909 0
375 972 0
376 481 0
376 510 0
376 535 0
376 568 0
376 647 0
376 754 0
376 761 0
376 822 0
376 831 0
376 836 0
376 845 0
376 931 0
377 382 0
377 397 0
377 517 0
377 523 0
377 544 0
377 611 0
377 666 0
377 774 0
377 870 0
377 877 0
378 459 0
378 463 0
378 464 0
378 655 0
378 685 0
378 790 0
378 831 0
378 861 0
378 864 0
379 394 0
379 624 0
379 638 0
379 683 0
379 690 0
379 732 0
379 744 0
379 772 0
379 793 0
379 799 0
379 846 0
379 858 0
379 991 0
380 426 0
380 439 0
380 489 0
380 517 0
380 534 0
380 565 0
380 598 0
380 722 0
380 934 0
381 400 0
381 459 0
381 539 0
381 575 0
381 654 0
381 846 0
381 873 0
381 876 0
381 961 0
382 428 0
382 481 0
382 672 0
382 678 0
382 767 0
382 804 0
382 854 0
382 873 0
382 887 0
382 930 0
382 938 0
382 946 0
382 965 0
383 384 0
383 403 0
383 706 0
383 748 0
383 767 0
383 774 0
383 811 0
383 908 0
384 527 0
384 544 0
384 562 0
384 597 0
384 647 0
384 694 0
384 697 0
384 713 0
384 738 0
384 753 0
384 784 0
384 793 0
384 871 0
384 937 0
384 949 0
384 989 0
385 509 0
385 548 0
385 582 0
385 583 0
385 641 0
385 647 0
385 653 0
385 685 0
385 712 0
385 748 0
385 778 0
385 813 0
385 858 0
385 877 0
385 952 0
385 961 0
385 966 0
385 972 0
386 466 0
386 547 0
386 592 0
386 637 0
386 647 0
386 708 0
386 784 0
386 830 0
386 834 0
386 888 0
386 915 0
386 970 0
386 978 0
387 478 0
387 539 0
387 549 0
387 633 0
387 658 0
387 780 0
387 795 0
387 821 0
387 915 0
387 936 0
387 963 0
387 979 0
387 983 0
388 454 0
388 568 0
388 618 0
388 631 0
388 690 0
388 809 0
388 891 0
388 905 0
388 937 0
388 941 0
388 994 0
389 547 0
389 609 0
389 616 0
389 720 0
389 728 0
389 781 0
390 408 0
390 501 0
390 527 0
390 572 0
390 670 0
390 731 0
390 859 0
390 870 0
390 895 0
391 455 0
391 521 0
391 570 0
391 684 0
391 687 0
391 733 0
391 745 0
391 776 0
391 835 0
391 975 0
391 998 0
392 460 0
392 480 0
392 506 0
392 568 0
392 710 0
392 715 0
392 723 0
392 757 0
392 758 0
392 835 0
392 968 0
393 455 0
393 457 0
393 596 0
393 650 0
393 663 0
393 763 0
393 873 0
393 899 0
393 934 0
393 936 0
393 956 0
394 418 0
394 495 0
394 638 0
394 671 0
394 679 0
394 752 0
394 766 0
394 905 0
394 966 0
395 450 0
395 506 0
395 623 0
395 629 0
395 651 0
395 712 0
395 726 0
395 727 0
395 789 0
395 816 0
395 832 0
395 839 0
395 977 0
396 406 0
396 537 0
396 538 0
396 554 0
396 574 0
396 744 0
396 771 0
396 829 0
396 842 0
396 880 0
396 909 0
396 911 0
396 928 0
396 946 0
396 969 0
397 410 0
397 428 0
397 461 0
397 481 0
397 489 0
397 502 0
397 638 0
397 678 0
397 699 0
397 736 0
397 774 0
397 808 0
397 823 0
397 902 0
397 907 0
397 939 0
397 998 0
398 483 0
398 499 0
398 512 0
398 596 0
398 615 0
398 691 0
398 724 0
398 739 0
398 740 0
398 783 0
398 786 0
398 988 0
399 436 0
399 542 0
399 551 0
399 569 0
399 603 0
399 634 0
399 752 0
399 785 0
399 893 0
399 920 0
400 405 0
400 436 0
400 467 0
400 482 0
400 529 0
400 552 0
400 578 0
400 600 0
400 686 0
400 714 0
400 801 0
400 922 0
400 966 0
400 975 0
400 998 0
401 444 0
401 464 0
401 468 0
401 524 0
401 534 0
401 564 0
401 672 0
401 748 0
401 810 0
401 820 0
401 828 0
401 879 0
401 898 0
401 938 0
401 949 0
401 962 0
401 966 0
402 449 0
402 498 0
402 499 0
402 645 0
402 649 0
402 665 0
402 710 0
402 742 0
402 772 0
402 799 0
402 815 0
402 875 0
402 904 0
402 947 0
402 963 0
402 974 0
402 998 0
403 466 0
403 477 0
403 546 0
403 621 0
403 704 0
403 739 0
403 748 0
403 813 0
403 833 0
403 862 0
403 865 0
403 964 0
403 965 0
404 497 0
404 513 0
404 558 0
404 565 0
404 574 0
404 668 0
404 681 0
404 686 0
404 703 0
404 732 0
404 883 0
404 890 0
404 971 0
404 974 0
405 417 0
405 491 0
405 530 0
405 605 0
405 607 0
405 718 0
405 807 0
405 813 0
405 911 0
405 957 0
406 448 0
406 483 0
406 493 0
406 603 0
406 618 0
406 622 0
406 646 0
406 716 0
406 723 0
406 733 0
406 741 0
406 766 0
406 902 0
406 949 0
406 960 0
406 969 0
406 994 0
407 437 0
407 461 0
407 681 0
407 720 0
407 798 0
407 854 0
407 856 0
408 433 0
408 465 0
408 488 0
408 495 0
408 516 0
408 608 0
408 704 0
408 751 0
408 799 0
408 815 0
408 955 0
408 956 0
409 487 0
409 495 0
409 497 0
409 517 0
409 551 0
409 637 0
409 699 0
409 791 0
409 810 0
409 865 0
409 990 0
410 500 0
410 546 0
410 650 0
410 731 0
410 745 0
410 796 0
410 885 0
410 998 0
411 437 0
411 471 0
411 478 0
411 609 0
411 714 0
411 824 0
411 830 0
411 838 0
411 871 0
411 971 0
412 432 0
412 461 0
412 471 0
412 535 0
412 548 0
412 622 0
412 645 0
412 664 0
412 685 0
412 746 0
412 788 0
412 929 0
412 959 0
413 414 0
413 566 0
413 578 0
413 610 0
413 621 0
413 691 0
413 769 0
413 794 0
413 856 0
413 901 0
413 911 0
413 930 0
413 994 0
414 424 0
414 434 0
414 472 0
414 477 0
414 578 0
414 678 0
414 713 0
414 782 0
414 809 0
414 825 0
414 844 0
414 850 0
414 852 0
414 856 0
414 857 0
414 976 0
414 998 0
415 431 0
415 464 0
415 527 0
415 563 0
415 578 0
415 602 0
415 647 0
415 752 0
415 797 0
415 820 0
415 842 0
415 845 0
415 870 0
415 945 0
415 971 0
416 472 0
416 551 0
416 566 0
416 584 0
416 753 0
416 761 0
416 778 0
416 840 0
416 860 0
416 888 0
416 977 0
417 431 0
417 444 0
417 471 0
417 472 0
417 503 0
417 550 0
417 552 0
417 573 0
417 574 0
417 594 0
417 614 0
417 661 0
417 777 0
417 798 0
417 857 0
417 884 0
417 944 0
417 973 0
418 426 0
418 593 0
418 614 0
418 658 0
418 705 0
418 739 0
418 779 0
418 804 0
418 845 0
418 929 0
418 992 0
418 994 0
419 492 0
419 544 0
419 604 0
419 633 0
419 645 0
419 679 0
419 729 0
419 798 0
419 821 0
419 935 0
419 956 0
419 967 0
419 977 0
420 599 0
420 701 0
420 742 0
420 793 0
420 845 0
420 848 0
420 872 0
420 921 0
420 940 0
421 494 0
421 613 0
421 687 0
421 740 0
421 760 0
421 793 0
421 881 0
422 453 0
422 471 0
422 488 0
422 533 0
422 540 0
422 551 0
422 603 0
422 628 0
422 700 0
422 767 0
422 770 0
422 846 0
422 980 0
423 447 0
423 475 0
423 574 0
423 642 0
423 645 0
423 715 0
423 723 0
423 794 0
423 812 0
423 907 0
423 954 0
424 436 0
424 528 0
424 611 0
424 634 0
424 710 0
424 724 0
424 748 0
424 771 0
424 783 0
424 858 0
424 861 0
424 887 0
424 890 0
425 454 0
425 495 0
425 523 0
425 594 0
425 636 0
425 643 0
425 652 0
425 675 0
425 679 0
425 680 0
425 700 0
425 713 0
425 715 0
425 719 0
425 721 0
425 747 0
425 824 0
425 848 0
425 918 0
425 940 0
426 504 0
426 540 0
426 582 0
426 599 0
426 630 0
426 663 0
426 723 0
426 739 0
426 744 0
426 777 0
426 802 0
426 891 0
426 906 0
426 955 0
426 971 0
426 991 0
427 462 0
427 565 0
427 604 0
427 654 0
427 702 0
427 733 0
427 766 0
427 802 0
427 803 0
428 539 0
428 562 0
428 638 0
428 684 0
428 720 0
428 733 0
428 738 0
428 743 0
428 782 0
428 801 0
428 810 0
428 826 0
428 878 0
428 882 0
428 912 0
428 962 0
429 489 0
429 491 0
429 619 0
429 637 0
429 648 0
429 814 0
429 819 0
429 829 0
429 834 0
429 843 0
429 883 0
429 900 0
429 945 0
429 968 0
429 971 0
430 455 0
430 528 0
430 548 0
430 691 0
430 792 0
430 848 0
430 850 0
430 958 0
431 597 0
431 742 0
431 780 0
431 789 0
431 794 0
431 913 0
431 924 0
431 935 0
431 943 0
432 444 0
432 478 0
432 488 0
432 577 0
432 619 0
432 621 0
432 730 0
432 736 0
432 999 0
433 448 0
433 483 0
433 551 0
433 612 0
433 688 0
433 765 0
433 781 0
433 955 0
433 975 0
434 448 0
434 456 0
434 486 0
434 679 0
434 701 0
434 742 0
434 788 0
434 792 0
434 814 0
434 817 0
434 828 0
434 864 0
434 881 0
434 908 0
434 956 0
434 960 0
434 969 0
435 444 0
435 486 0
435 646 0
435 667 0
435 777 0
435 797 0
435 807 0
435 812 0
435 896 0
435 983 0
436 453 0
436 538 0
436 582 0
436 606 0
436 638 0
436 661 0
436 686 0
436 734 0
436 735 0
436 747 0
436 759 0
436 788 0
436 813 0
436 956 0
436 971 0
437 563 0
437 613 0
437 744 0
437 810 0
437 828 0
438 453 0
438 742 0
438 765 0
438 803 0
438 829 0
438 841 0
438 928 0
438 941 0
439 452 0
439 515 0
439 618 0
439 619 0
439 726 0
439 744 0
439 745 0
439 894 0
439 897 0
439 931 0
439 978 0
439 982 0
440 449 0
440 451 0
440 460 0
440 546 0
440 632 0
440 824 0
440 840 0
440 894 0
441 557 0
441 590 0
441 710 0
441 728 0
441 767 0
441 781 0
441 805 0
441 875 0
441 985 0
441 998 0
442 511 0
442 539 0
442 565 0
442 602 0
442 607 0
442 620 0
442 660 0
442 676 0
442 687 0
442 699 0
442 721 0
442 752 0
442 791 0
442 794 0
442 816 0
442 864 0
442 877 0
442 881 0
443 449 0
443 486 0
443 565 0
443 633 0
443 642 0
443 650 0
443 660 0
443 668 0
443 693 0
443 707 0
443 770 0
443 895 0
443 918 0
443 931 0
444 471 0
444 489 0
444 501 0
444 569 0
444 642 0
444 797 0
444 991 0
444 998 0
445 494 0
445 551 0
445 561 0
445 615 0
445 618 0
445 665 0
445 671 0
445 677 0
445 742 0
445 796 0
445 804 0
445 928 0
445 970 0
445 991 0
446 497 0
446 507 0
446 521 0
446 551 0
446 557 0
446 713 0
446 777 0
446 780 0
446 790 0
446 888 0
446 890 0
446 898 0
446 900 0
447 457 0
447 540 0
447 570 0
447 592 0
447 619 0
447 627 0
447 706 0
447 737 0
447 739 0
447 795 0
447 844 0
447 846 0
448 464 0
448 503 0
448 513 0
448 515 0
448 559 0
448 576 0
448 587 0
448 632 0
448 639 0
448 739 0
448 804 0
448 839 0
448 870 0
448 900 0
448 916 0
449 461 0
449 469 0
449 486 0
449 518 0
449 552 0
449 571 0
449 697 0
449 708 0
449 741 0
449 743 0
449 755 0
449 763 0
449 823 0
449 827 0
449 846 0
449 859 0
449 876 0
449 899 0
449 932 0
449 943 0
449 966 0
450 466 0
450 470 0
450 518 0
450 541 0
450 625 0
450 673 0
450 737 0
450 806 0
450 819 0
450 954 0
450 967 0
450 976 0
451 479 0
451 489 0
451 494 0
451 557 0
451 585 0
451 829 0
451 861 0
452 533 0
452 552 0
452 579 0
452 591 0
452 616 0
452 643 0
452 723 0
452 734 0
452 750 0
452 788 0
452 830 0
452 854 0
452 887 0
453 665 0
453 861 0
453 898 0
453 906 0
453 918 0
454 478 0
454 486 0
454 582 0
454 594 0
454 597 0
454 623 0
454 668 0
454 678 0
454 701 0
454 761 0
454 863 0
454 885 0
454 896 0
454 986 0
454 989 0
455 480 0
455 583 0
455 687 0
455 746 0
455 754 0
455 800 0
455 838 0
455 870 0
455 875 0
455 956 0
455 985 0
456 538 0
456 552 0
456 784 0
456 868 0
456 906 0
456 952 0
456 982 0
457 484 0
457 552 0
457 708 0
457 735 0
457 767 0
457 802 0
457 858 0
457 864 0
458 561 0
458 614 0
458 643 0
458 657 0
458 718 0
458 773 0
458 778 0
458 853 0
458 946 0
458 995 0
459 471 0
459 477 0
459 479 0
459 483 0
459 485 0
459 500 0
459 535 0
459 540 0
459 590 0
459 591 0
459 604 0
459 625 0
459 647 0
459 681 0
459 832 0
459 841 0
459 993 0
460 468 0
460 595 0
460 647 0
460 750 0
460 753 0
460 886 0
461 492 0
461 513 0
461 545 0
461 602 0
461 624 0
461 631 0
461 632 0
461 643 0
461 696 0
461 777 0
461 873 0
461 903 0
461 993 0
462 634 0
462 727 0
462 892 0
462 920 0
463 486 0
463 551 0
463 578 0
463 725 0
463 729 0
463 795 0
463 855 0
463 957 0
464 500 0
464 507 0
464 542 0
464 615 0
464 718 0
464 736 0
464 749 0
464 771 0
464 824 0
464 833 0
464 852 0
464 857 0
464 932 0
464 972 0
465 507 0
465 528 0
465 550 0
465 584 0
465 618 0
465 624 0
465 678 0
465 702 0
465 705 0
465 726 0
465 767 0
465 774 0
465 858 0
465 916 0
465 923 0
465 931 0
466 554 0
466 563 0
466 643 0
466 751 0
466 753 0
466 802 0
466 853 0
466 896 0
466 926 0
466 943 0
466 994 0
467 562 0
467 592 0
467 597 0
467 606 0
467 609 0
467 661 0
467 717 0
467 728 0
467 761 0
467 779 0
467 845 0
467 856 0
467 888 0
467 958 0
467 974 0
468 538 0
468 546 0
468 620 0
468 714 0
468 722 0
468 804 0
468 910 0
468 934 0
468 941 0
469 617 0
469 631 0
469 665 0
469 861 0
469 887 0
470 551 0
470 558 0
470 583 0
470 680 0
470 708 0
470 759 0
470 786 0
470 822 0
470 847 0
470 987 0
471 574 0
471 599 0
471 616 0
471 638 0
471 748 0
471 782 0
471 796 0
471 824 0
471 828 0
471 908 0
471 935 0
472 486 0
472 551 0
472 612 0
472 686 0
472 755 0
472 788 0
472 834 0
472 866 0
472 923 0
472 983 0
473 478 0
473 525 0
473 552 0
473 612 0
473 713 0
473 859 0
473 867 0
473 878 0
473 894 0
473 930 0
474 518 0
474 525 0
474 529 0
474 651 0
474 713 0
474 795 0
474 817 0
474 845 0
474 860 0
474 861 0
474 974 0
475 577 0
475 616 0
475 630 0
475 670 0
475 753 0
475 766 0
475 788 0
475 831 0
475 868 0
475 877 0
475 962 0
476 481 0
476 484 0
476 555 0
476 637 0
476 642 0
476 647 0
476 889 0
477 524 0
477 547 0
477 566 0
477 586 0
477 624 0
477 713 0
477 768 0
477 819 0
477 883 0
477 900 0
477 926 0
477 954 0
477 959 0
477 972 0
478 577 0
478 620 0
478 636 0
478 668 0
478 701 0
478 705 0
478 714 0
478 803 0
478 821 0
478 885 0
478 886 0
478 930 0
478 972 0
479 507 0
479 552 0
479 729 0
479 839 0
479 864 0
479 969 0
480 523 0
480 526 0
480 601 0
480 640 0
480 641 0
480 665 0
480 697 0
480 856 0
480 909 0
480 998 0
481 486 0
481 507 0
481 527 0
481 723 0
481 834 0
481 948 0
481 954 0
481 969 0
481 993 0
482 489 0
482 494 0
482 661 0
482 670 0
482 709 0
482 820 0
482 847 0
482 861 0
482 941 0
483 509 0
483 513 0
483 564 0
483 599 0
483 667 0
483 709 0
483 719 0
483 731 0
483 786 0
483 805 0
483 806 0
483 817 0
483 847 0
483 883 0
483 931 0
483 961 0
483 969 0
483 980 0
484 501 0
484 584 0
484 594 0
484 666 0
484 695 0
484 707 0
484 825 0
484 906 0
484 954 0
485 534 0
485 538 0
485 582 0
485 621 0
485 649 0
485 705 0
485 822 0
485 826 0
485 943 0
486 511 0
486 519 0
486 603 0
486 653 0
486 714 0
486 801 0
486 861 0
486 974 0
486 984 0
487 537 0
487 551 0
487 566 0
487 608 0
487 736 0
487 780 0
487 819 0
487 859 0
487 888 0
487 894 0
487 895 0
488 496 0
488 503 0
488 525 0
488 567 0
488 633 0
488 755 0
488 798 0
488 851 0
488 990 0
489 516 0
489 530 0
489 680 0
489 721 0
489 758 0
489 787 0
489 876 0
489 945 0
489 957 0
489 966 0
490 505 0
490 527 0
490 571 0
490 619 0
490 739 0
490 791 0
490 825 0
490 850 0
490 855 0
491 537 0
491 554 0
491 593 0
491 608 0
491 660 0
491 662 0
491 757 0
491 842 0
491 858 0
491 948 0
491 992 0
491 999 0
492 495 0
492 580 0
492 607 0
492 833 0
492 920 0
492 930 0
492 948 0
492 958 0
492 960 0
493 517 0
493 520 0
493 540 0
493 558 0
493 655 0
493 663 0
493 698 0
493 725 0
493 760 0
493 969 0
494 511 0
494 543 0
494 544 0
494 554 0
494 561 0
494 574 0
494 586 0
494 591 0
494 619 0
494 701 0
494 776 0
494 807 0
494 835 0
494 841 0
494 863 0
494 929 0
494 947 0
494 953 0
494 992 0
494 998 0
495 500 0
495 517 0
495 651 0
495 728 0
495 755 0
495 765 0
495 879 0
495 897 0
495 918 0
496 563 0
496 587 0
496 718 0
496 749 0
496 764 0
496 800 0
496 840 0
496 850 0
496 887 0
496 907 0
496 922 0
496 938 0
496 982 0
497 607 0
497 655 0
497 826 0
497 830 0
497 853 0
498 596 0
498 657 0
498 684 0
498 707 0
498 739 0
498 744 0
498 803 0
498 892 0
498 925 0
499 524 0
499 557 0
499 571 0
499 602 0
499 670 0
499 767 0
499 773 0
499 779 0
499 880 0
499 914 0
499 992 0
500 502 0
500 516 0
500 554 0
500 574 0
500 631 0
500 637 0
500 847 0
500 866 0
501 519 0
501 531 0
501 720 0
501 803 0
501 816 0
501 884 0
501 958 0
502 516 0
502 581 0
502 663 0
502 751 0
502 804 0
502 826 0
502 871 0
502 984 0
502 985 0
503 602 0
503 683 0
503 790 0
503 853 0
503 893 0
503 897 0
503 980 0
503 991 0
504 577 0
504 720 0
504 785 0
504 792 0
504 923 0
504 953 0
504 960 0
504 963 0
505 652 0
505 691 0
505 752 0
505 759 0
505 923 0
506 586 0
506 594 0
506 625 0
506 675 0
506 678 0
506 696 0
506 750 0
506 845 0
506 879 0
506 955 0
506 966 0
507 670 0
507 745 0
507 835 0
507 895 0
508 527 0
508 555 0
508 567 0
508 644 0
508 857 0
508 883 0
508 895 0
508 919 0
508 945 0
508 946 0
509 510 0
509 523 0
509 537 0
509 547 0
509 653 0
509 766 0
509 790 0
509 814 0
509 904 0
509 931 0
509 932 0
509 936 0
510 593 0
510 651 0
510 756 0
510 805 0
510 814 0
510 885 0
511 526 0
511 635 0
511 647 0
511 782 0
511 836 0
511 896 0
511 942 0
511 989 0
512 571 0
512 584 0
512 662 0
512 694 0
512 729 0
512 754 0
512 756 0
512 868 0
512 886 0
512 888 0
512 892 0
512 903 0
512 937 0
512 999 0
513 547 0
513 646 0
513 662 0
513 757 0
513 769 0
513 777 0
513 796 0
513 944 0
513 961 0
513 968 0
514 538 0
514 647 0
514 673 0
514 708 0
514 739 0
514 742 0
514 758 0
514 882 0
514 952 0
514 970 0
515 740 0
515 794 0
515 957 0
515 974 0
516 726 0
516 751 0
516 829 0
516 873 0
516 906 0
516 941 0
516 960 0
516 995 0
517 533 0
517 645 0
517 660 0
517 742 0
517 844 0
517 865 0
517 975 0
517 988 0
517 993 0
517 999 0
518 542 0
518 700 0
518 708 0
518 711 0
518 871 0
518 889 0
518 931 0
518 932 0
519 542 0
519 575 0
519 612 0
519 685 0
519 699 0
519 761 0
519 817 0
519 835 0
519 954 0
519 970 0
519 999 0
520 572 0
520 579 0
520 601 0
520 631 0
520 685 0
520 705 0
520 725 0
520 794 0
520 888 0
520 921 0
520 988 0
521 523 0
521 547 0
521 717 0
521 756 0
521 830 0
521 858 0
521 894 0
521 911 0
521 950 0
521 964 0
522 525 0
522 542 0
522 634 0
522 700 0
522 719 0
522 724 0
522 821 0
522 857 0
522 871 0
522 877 0
522 923 0
522 943 0
523 684 0
523 763 0
523 777 0
523 787 0
523 836 0
523 924 0
523 989 0
524 575 0
524 585 0
524 595 0
524 680 0
524 682 0
524 730 0
524 739 0
524 758 0
524 791 0
524 901 0
525 587 0
525 609 0
525 666 0
525 725 0
525 762 0
525 801 0
525 826 0
525 851 0
526 541 0
526 675 0
526 731 0
526 733 0
526 976 0
526 985 0
527 541 0
527 566 0
527 569 0
527 674 0
527 697 0
527 703 0
527 709 0
527 832 0
527 856 0
527 869 0
528 543 0
528 621 0
528 664 0
528 671 0
528 707 0
528 730 0
528 748 0
528 766 0
528 872 0
528 904 0
528 981 0
529 551 0
529 555 0
529 697 0
529 730 0
529 740 0
529 744 0
529 793 0
529 798 0
529 922 0
529 989 0
530 616 0
530 668 0
530 701 0
530 728 0
530 848 0
530 863 0
530 892 0
530 990 0
531 541 0
531 593 0
531 669 0
531 686 0
531 870 0
531 922 0
531 945 0
532 640 0
532 645 0
532 651 0
532 658 0
532 699 0
532 756 0
532 914 0
532 933 0
532 944 0
532 945 0
532 959 0
532 986 0
533 541 0
533 609 0
533 628 0
533 631 0
533 643 0
533 720 0
533 796 0
533 835 0
533 847 0
533 911 0
533 945 0
533 953 0
533 976 0
533 977 0
533 998 0
534 588 0
534 594 0
534 631 0
534 636 0
534 685 0
534 768 0
534 860 0
534 880 0
534 893 0
534 895 0
534 924 0
534 947 0
534 976 0
534 998 0
535 653 0
535 664 0
535 761 0
535 872 0
535 945 0
535 955 0
535 986 0
535 995 0
536 570 0
536 626 0
536 627 0
536 628 0
536 663 0
536 682 0
536 741 0
536 804 0
536 896 0
536 930 0
536 959 0
537 555 0
537 560 0
537 571 0
537 654 0
537 708 0
537 735 0
537 754 0
537 779 0
537 835 0
537 921 0
538 543 0
538 572 0
538 578 0
538 603 0
538 610 0
538 754 0
538 792 0
538 836 0
538 913 0
538 942 0
539 583 0
539 705 0
539 727 0
539 730 0
539 777 0
539 846 0
539 850 0
539 947 0
539 988 0
540 557 0
540 626 0
540 659 0
540 665 0
540 747 0
540 758 0
540 772 0
540 814 0
540 837 0
540 851 0
540 886 0
540 906 0
540 913 0
540 933 0
540 970 0
541 760 0
541 771 0
541 815 0
541 878 0
541 915 0
541 951 0
541 963 0
542 605 0
542 624 0
542 701 0
542 789 0
542 851 0
542 856 0
543 581 0
543 633 0
543 690 0
543 700 0
543 796 0
543 855 0
543 857 0
543 867 0
543 957 0
543 960 0
544 643 0
544 654 0
544 711 0
544 745 0
544 754 0
544 759 0
544 794 0
544 956 0
545 569 0
545 613 0
545 615 0
545 659 0
545 678 0
545 735 0
545 749 0
545 755 0
545 760 0
545 761 0
545 799 0
545 853 0
545 886 0
545 949 0
545 993 0
545 995 0
546 550 0
546 588 0
546 622 0
546 683 0
546 690 0
546 718 0
546 828 0
546 898 0
546 913 0
546 941 0
547 582 0
547 630 0
547 742 0
547 842 0
547 900 0
548 676 0
548 687 0
548 728 0
548 748 0
548 790 0
548 840 0
548 927 0
549 603 0
549 686 0
549 760 0
549 772 0
549 841 0
549 908 0
549 961 0
550 731 0
550 781 0
550 809 0
550 810 0
550 941 0
551 587 0
551 606 0
551 652 0
551 666 0
551 692 0
551 795 0
551 812 0
551 850 0
551 900 0
551 909 0
551 923 0
551 976 0
551 979 0
551 982 0
551 995 0
552 705 0
552 762 0
552 791 0
552 864 0
552 870 0
552 887 0
552 918 0
552 933 0
552 983 0
553 572 0
553 660 0
553 674 0
553 694 0
553 786 0
553 860 0
553 884 0
553 960 0
554 605 0
554 620 0
554 644 0
554 730 0
554 818 0
554 822 0
554 823 0
554 828 0
554 938 0
554 944 0
555 633 0
555 662 0
555 752 0
555 753 0
555 754 0
555 799 0
555 823 0
555 844 0
555 851 0
555 872 0
555 898 0
556 602 0
556 638 0
556 642 0
556 649 0
556 656 0
556 748 0
556 827 0
556 872 0
556 898 0
556 991 0
557 609 0
557 648 0
557 652 0
557 688 0
557 725 0
557 800 0
557 901 0
557 985 0
558 564 0
558 597 0
558 712 0
558 735 0
558 748 0
558 813 0
558 824 0
558 829 0
558 849 0
558 937 0
559 566 0
559 683 0
559 696 0
559 725 0
559 728 0
559 756 0
559 831 0
559 834 0
559 848 0
559 851 0
559 885 0
559 957 0
559 962 0
559 974 0
560 655 0
560 699 0
560 856 0
560 878 0
560 931 0
560 959 0
560 972 0
560 987 0
561 656 0
561 659 0
561 797 0
561 838 0
561 880 0
561 883 0
561 933 0
562 608 0
562 620 0
562 779 0
562 789 0
562 812 0
562 946 0
562 978 0
562 984 0
563 579 0
563 589 0
563 647 0
563 750 0
563 802 0
563 811 0
563 827 0
563 850 0
563 860 0
563 893 0
564 591 0
564 610 0
564 632 0
564 724 0
564 759 0
564 766 0
564 768 0
564 777 0
564 799 0
564 817 0
564 837 0
564 895 0
564 912 0
564 957 0
564 981 0
565 575 0
565 701 0
565 729 0
565 794 0
565 837 0
565 911 0
565 939 0
565 979 0
566 587 0
566 637 0
566 654 0
566 666 0
566 715 0
566 721 0
566 775 0
566 874 0
566 906 0
566 990 0
567 599 0
567 653 0
567 654 0
567 666 0
567 700 0
567 719 0
567 815 0
567 991 0
568 734 0
568 749 0
568 765 0
568 903 0
568 969 0
568 991 0
569 590 0
569 592 0
569 623 0
569 634 0
569 682 0
569 689 0
569 790 0
569 791 0
569 809 0
569 900 0
569 924 0
569 953 0
569 973 0
570 597 0
570 636 0
570 652 0
570 689 0
570 702 0
570 734 0
570 865 0
570 914 0
570 942 0
571 597 0
571 669 0
571 702 0
571 716 0
571 739 0
571 755 0
571 794 0
571 804 0
571 805 0
571 833 0
571 849 0
571 861 0
571 869 0
571 925 0
571 941 0
571 971 0
571 988 0
572 660 0
572 731 0
572 737 0
572 739 0
572 752 0
572 872 0
572 896 0
573 673 0
573 682 0
573 804 0
573 832 0
573 855 0
574 584 0
574 602 0
574 649 0
574 719 0
574 826 0
574 893 0
574 913 0
575 587 0
575 606 0
575 632 0
575 660 0
575 675 0
575 700 0
575 825 0
575 864 0
576 631 0
576 665 0
576 732 0
576 778 0
576 854 0
576 884 0
576 907 0
576 932 0
576 961 0
577 625 0
577 667 0
577 763 0
577 852 0
577 922 0
578 591 0
578 625 0
578 671 0
578 687 0
578 705 0
578 812 0
578 898 0
578 991 0
579 583 0
579 631 0
579 636 0
579 669 0
579 687 0
579 720 0
579 751 0
579 848 0
579 887 0
579 895 0
579 903 0
579 972 0
580 611 0
580 612 0
580 651 0
580 683 0
580 684 0
580 733 0
580 772 0
580 813 0
580 818 0
580 819 0
580 858 0
580 928 0
580 941 0
580 942 0
581 696 0
581 730 0
581 754 0
581 783 0
581 869 0
581 879 0
581 900 0
582 635 0
582 696 0
582 698 0
582 780 0
582 807 0
582 819 0
582 843 0
582 894 0
582 908 0
582 913 0
583 782 0
583 807 0
583 874 0
583 879 0
583 907 0
583 909 0
583 980 0
583 994 0
584 586 0
584 730 0
584 758 0
584 798 0
584 832 0
584 929 0
584 951 0
584 972 0
585 608 0
585 739 0
585 767 0
585 774 0
585 787 0
585 795 0
585 833 0
585 834 0
585 951 0
585 954 0
586 647 0
586 740 0
586 886 0
586 912 0
586 967 0
586 992 0
587 589 0
587 617 0
587 621 0
587 628 0
587 631 0
587 640 0
587 695 0
587 717 0
587 738 0
587 780 0
587 801 0
587 808 0
587 811 0
587 819 0
587 822 0
587 850 0
587 851 0
587 866 0
587 950 0
587 975 0
588 598 0
588 630 0
588 803 0
588 806 0
588 832 0
588 849 0
588 979 0
589 624 0
589 701 0
589 795 0
589 914 0
590 710 0
590 738 0
590 815 0
590 818 0
590 872 0
590 919 0
591 609 0
591 656 0
591 672 0
591 688 0
591 713 0
591 763 0
591 840 0
591 854 0
591 858 0
591 865 0
591 884 0
591 956 0
591 968 0
591 993 0
592 598 0
592 656 0
592 677 0
592 731 0
592 748 0
592 824 0
592 847 0
592 929 0
592 949 0
593 767 0
593 800 0
593 821 0
593 835 0
593 938 0
593 964 0
594 629 0
594 648 0
594 665 0
594 775 0
594 808 0
594 913 0
594 959 0
594 975 0
595 643 0
595 681 0
595 734 0
595 768 0
595 769 0
595 830 0
595 840 0
595 900 0
595 950 0
595 968 0
596 730 0
596 778 0
596 807 0
596 951 0
597 603 0
597 722 0
597 751 0
597 869 0
597 881 0
597 929 0
598 636 0
598 642 0
598 687 0
598 694 0
598 775 0
598 793 0
598 856 0
598 862 0
598 971 0
598 973 0
598 996 0
599 644 0
599 675 0
599 724 0
599 793 0
599 841 0
599 884 0
599 984 0
599 985 0
600 685 0
600 722 0
600 823 0
600 837 0
600 957 0
600 966 0
601 749 0
601 771 0
601 778 0
601 783 0
601 804 0
601 812 0
601 818 0
601 840 0
601 918 0
601 925 0
602 614 0
602 641 0
602 667 0
602 721 0
602 731 0
602 770 0
602 779 0
602 802 0
602 830 0
602 831 0
602 906 0
602 914 0
603 656 0
603 700 0
603 707 0
603 710 0
603 714 0
603 717 0
603 729 0
603 770 0
603 927 0
603 929 0
604 721 0
604 778 0
604 801 0
604 895 0
605 640 0
605 674 0
605 685 0
605 802 0
605 830 0
605 862 0
605 898 0
606 607 0
606 708 0
606 791 0
606 848 0
606 939 0
606 991 0
606 996 0
607 612 0
607 687 0
607 688 0
607 791 0
607 839 0
607 942 0
607 945 0
608 610 0
608 611 0
608 686 0
608 767 0
608 777 0
608 803 0
608 827 0
608 877 0
608 899 0
608 928 0
609 729 0
609 839 0
609 865 0
609 947 0
609 958 0
609 966 0
610 713 0
610 718 0
610 745 0
610 833 0
610 838 0
610 864 0
610 896 0
610 916 0
611 646 0
611 661 0
611 673 0
611 773 0
611 870 0
611 871 0
611 880 0
611 924 0
611 948 0
611 949 0
611 989 0
612 625 0
612 700 0
612 703 0
612 851 0
612 859 0
612 885 0
613 651 0
613 680 0
613 756 0
613 781 0
613 807 0
613 814 0
613 847 0
613 877 0
614 621 0
614 652 0
614 654 0
614 800 0
614 862 0
614 906 0
614 934 0
614 996 0
615 617 0
615 639 0
615 698 0
615 705 0
615 795 0
615 810 0
615 837 0
615 864 0
615 872 0
615 920 0
615 922 0
616 680 0
616 697 0
616 710 0
616 748 0
616 760 0
616 840 0
616 898 0
616 920 0
617 663 0
617 700 0
617 723 0
617 749 0
617 792 0
617 798 0
617 840 0
617 853 0
617 900 0
618 672 0
618 676 0
618 708 0
618 898 0
618 915 0
618 998 0
619 630 0
619 637 0
619 640 0
619 641 0
619 643 0
619 683 0
619 794 0
619 924 0
619 990 0
620 773 0
620 780 0
620 804 0
620 860 0
620 865 0
620 912 0
620 916 0
620 918 0
620 959 0
620 975 0
620 979 0
621 867 0
621 872 0
621 964 0
621 977 0
622 714 0
622 768 0
622 771 0
622 832 0
622 861 0
622 868 0
622 897 0
622 924 0
622 943 0
622 948 0
622 984 0
623 686 0
623 756 0
623 807 0
623 876 0
623 924 0
623 971 0
624 663 0
624 671 0
624 768 0
624 780 0
624 795 0
624 889 0
624 919 0
624 947 0
625 805 0
625 810 0
625 817 0
625 821 0
625 861 0
625 945 0
626 635 0
626 654 0
626 657 0
626 687 0
626 698 0
626 719 0
626 737 0
626 750 0
626 804 0
626 809 0
626 820 0
626 977 0
627 737 0
627 753 0
627 766 0
627 783 0
627 800 0
627 806 0
627 877 0
627 915 0
627 923 0
628 681 0
628 694 0
628 715 0
628 806 0
628 843 0
628 882 0
628 933 0
628 959 0
628 964 0
629 642 0
629 685 0
629 707 0
629 721 0
629 754 0
629 777 0
629 779 0
629 848 0
630 737 0
630 788 0
630 884 0
630 918 0
630 988 0
631 642 0
631 683 0
631 733 0
631 741 0
631 749 0
631 768 0
631 847 0
631 865 0
631 879 0
631 897 0
631 910 0
631 922 0
631 925 0
631 999 0
632 640 0
632 711 0
632 734 0
632 823 0
632 879 0
632 915 0
632 981 0
633 736 0
633 781 0
633 794 0
633 861 0
633 865 0
633 869 0
633 907 0
633 963 0
633 977 0
634 760 0
634 769 0
634 819 0
634 828 0
634 829 0
634 903 0
634 936 0
634 997 0
635 699 0
635 735 0
635 797 0
635 889 0
635 922 0
635 959 0
635 971 0
636 724 0
636 791 0
636 825 0
636 828 0
636 966 0
636 970 0
636 984 0
637 673 0
637 689 0
637 725 0
637 791 0
637 883 0
637 941 0
638 639 0
638 682 0
638 830 0
638 846 0
638 858 0
638 875 0
638 913 0
638 940 0
638 960 0
639 641 0
639 713 0
639 737 0
639 747 0
639 752 0
639 793 0
639 919 0
640 742 0
640 751 0
640 909 0
640 944 0
641 679 0
641 764 0
641 792 0
641 804 0
641 887 0
641 961 0
642 742 0
642 759 0
642 880 0
642 889 0
642 932 0
642 933 0
642 936 0
643 646 0
643 729 0
643 759 0
643 792 0
643 866 0
643 930 0
644 728 0
644 750 0
644 775 0
644 788 0
644 843 0
644 852 0
644 881 0
644 949 0
645 668 0
645 755 0
645 760 0
645 787 0
645 808 0
645 864 0
646 670 0
646 703 0
646 766 0
646 784 0
646 814 0
646 834 0
646 835 0
646 860 0
646 912 0
646 969 0
647 718 0
647 742 0
647 757 0
647 779 0
647 797 0
647 807 0
647 816 0
647 817 0
647 832 0
647 836 0
647 910 0
647 921 0
647 958 0
647 980 0
647 986 0
648 663 0
648 774 0
648 828 0
648 829 0
648 834 0
648 868 0
649 717 0
649 740 0
649 785 0
649 885 0
649 919 0
649 927 0
649 966 0
650 967 0
651 710 0
651 821 0
651 828 0
651 846 0
651 860 0
651 870 0
651 968 0
652 662 0
652 738 0
652 846 0
652 899 0
652 917 0
653 675 0
653 730 0
653 768 0
653 844 0
653 881 0
653 891 0
653 924 0
653 934 0
653 992 0
653 999 0
654 690 0
654 720 0
654 746 0
654 851 0
654 858 0
654 884 0
654 954 0
654 959 0
655 665 0
655 705 0
655 716 0
655 842 0
656 673 0
656 700 0
656 818 0
656 892 0
656 917 0
656 935 0
656 961 0
657 684 0
657 700 0
657 757 0
657 798 0
657 819 0
657 864 0
657 879 0
657 909 0
658 698 0
658 733 0
658 779 0
658 793 0
658 802 0
658 883 0
658 917 0
658 929 0
658 932 0
658 970 0
658 976 0
658 992 0
659 692 0
659 710 0
659 723 0
659 771 0
659 824 0
659 833 0
659 873 0
659 957 0
659 975 0
660 686 0
660 756 0
660 758 0
660 774 0
660 861 0
660 869 0
660 876 0
661 679 0
661 795 0
661 853 0
661 870 0
661 937 0
661 943 0
662 703 0
662 710 0
662 735 0
662 787 0
662 805 0
662 844 0
662 941 0
662 958 0
663 774 0
663 792 0
663 804 0
663 824 0
663 943 0
664 678 0
664 803 0
664 825 0
664 937 0
664 950 0
664 991 0
665 708 0
665 801 0
665 822 0
665 876 0
665 909 0
665 964 0
665 966 0
666 672 0
666 795 0
666 817 0
666 888 0
666 927 0
666 981 0
666 993 0
667 709 0
667 865 0
667 918 0
667 950 0
668 696 0
668 713 0
668 723 0
668 790 0
668 837 0
668 846 0
668 910 0
668 927 0
668 931 0
668 938 0
668 966 0
669 739 0
669 790 0
669 807 0
670 744 0
670 745 0
670 749 0
670 769 0
670 785 0
670 848 0
670 883 0
670 945 0
671 708 0
671 808 0
671 847 0
671 871 0
671 894 0
671 986 0
672 708 0
672 768 0
672 803 0
672 804 0
672 880 0
672 921 0
673 751 0
673 756 0
673 760 0
673 782 0
673 816 0
673 884 0
673 935 0
673 982 0
673 992 0
674 716 0
674 732 0
674 746 0
674 795 0
674 882 0
674 886 0
674 953 0
674 973 0
675 696 0
675 757 0
675 759 0
675 805 0
675 814 0
675 816 0
675 871 0
675 907 0
675 909 0
675 950 0
676 775 0
676 803 0
676 896 0
677 721 0
677 731 0
677 737 0
677 807 0
677 896 0
677 908 0
677 940 0
677 976 0
678 690 0
678 692 0
678 703 0
678 934 0
679 728 0
679 761 0
679 772 0
679 838 0
679 896 0
679 978 0
679 981 0
679 999 0
680 713 0
680 724 0
680 750 0
680 766 0
680 946 0
681 830 0
681 834 0
681 991 0
682 892 0
682 899 0
683 716 0
683 825 0
684 700 0
684 879 0
684 884 0
684 907 0
684 910 0
684 956 0
685 696 0
685 743 0
685 802 0
685 874 0
685 876 0
685 901 0
685 938 0
686 698 0
686 755 0
686 778 0
686 798 0
686 832 0
686 843 0
686 847 0
686 860 0
686 906 0
686 975 0
687 716 0
687 747 0
687 813 0
687 930 0
687 937 0
687 956 0
687 963 0
687 977 0
687 991 0
688 695 0
688 768 0
688 864 0
688 872 0
688 965 0
688 987 0
688 997 0
689 692 0
689 704 0
689 813 0
689 849 0
689 927 0
689 948 0
689 979 0
690 894 0
690 935 0
690 983 0
690 994 0
691 724 0
691 940 0
691 950 0
692 813 0
692 878 0
692 900 0
692 926 0
692 948 0
693 734 0
693 736 0
693 745 0
693 760 0
693 933 0
694 725 0
694 764 0
694 807 0
694 821 0
694 831 0
694 838 0
694 895 0
695 793 0
695 865 0
695 919 0
695 927 0
695 934 0
695 956 0
695 988 0
696 721 0
696 856 0
696 954 0
697 769 0
697 811 0
697 845 0
697 847 0
697 854 0
697 927 0
697 963 0
697 967 0
697 999 0
698 774 0
698 929 0
698 980 0
698 998 0
699 726 0
699 757 0
699 810 0
699 985 0
700 729 0
700 901 0
700 966 0
701 748 0
701 761 0
701 782 0
701 868 0
701 968 0
702 721 0
702 783 0
702 814 0
702 820 0
702 948 0
703 752 0
703 777 0
703 801 0
703 840 0
703 865 0
703 920 0
703 924 0
703 933 0
704 710 0
704 724 0
704 758 0
704 845 0
704 956 0
704 971 0
704 981 0
705 718 0
705 730 0
705 738 0
705 739 0
705 956 0
706 738 0
706 791 0
706 808 0
706 830 0
706 832 0
707 742 0
707 765 0
707 769 0
707 838 0
707 960 0
708 741 0
708 748 0
708 788 0
708 852 0
708 877 0
708 882 0
708 909 0
708 921 0
708 944 0
708 945 0
708 989 0
709 785 0
709 792 0
709 815 0
709 824 0
709 848 0
709 896 0
709 948 0
710 759 0
710 841 0
711 732 0
711 752 0
711 829 0
711 867 0
711 945 0
711 954 0
712 786 0
712 927 0
713 719 0
713 720 0
713 799 0
713 952 0
714 774 0
714 798 0
714 948 0
714 950 0
714 967 0
714 987 0
715 734 0
715 748 0
715 753 0
715 816 0
715 875 0
715 924 0
715 927 0
716 826 0
716 874 0
716 875 0
716 895 0
716 908 0
716 959 0
716 967 0
716 971 0
717 760 0
717 801 0
717 887 0
717 899 0
717 974 0
718 781 0
718 795 0
718 800 0
718 837 0
718 984 0
719 721 0
719 750 0
719 776 0
719 921 0
720 738 0
720 742 0
720 745 0
720 852 0
720 923 0
720 944 0
720 965 0
720 993 0
720 996 0
721 783 0
721 809 0
721 823 0
721 841 0
721 882 0
721 893 0
721 929 0
721 970 0
721 972 0
722 828 0
722 873 0
722 891 0
722 946 0
722 957 0
722 962 0
723 742 0
723 820 0
723 924 0
723 985 0
724 735 0
724 750 0
724 814 0
724 914 0
725 850 0
725 870 0
725 943 0
726 793 0
726 799 0
726 852 0
726 933 0
727 815 0
727 821 0
727 868 0
727 988 0
728 827 0
728 887 0
728 899 0
728 996 0
729 791 0
729 816 0
729 846 0
729 857 0
729 877 0
729 898 0
730 740 0
730 782 0
730 835 0
730 904 0
730 914 0
730 954 0
730 963 0
730 981 0
731 810 0
731 829 0
731 834 0
731 847 0
731 890 0
731 905 0
732 741 0
732 834 0
732 849 0
732 898 0
732 910 0
733 803 0
733 840 0
733 843 0
733 989 0
734 742 0
734 968 0
735 741 0
736 740 0
736 759 0
736 786 0
736 811 0
736 907 0
736 928 0
736 932 0
736 957 0
737 762 0
737 818 0
737 833 0
737 961 0
737 974 0
737 982 0
738 753 0
738 904 0
738 905 0
738 914 0
738 933 0
738 955 0
738 991 0
738 993 0
739 866 0
739 897 0
740 767 0
740 811 0
740 813 0
740 826 0
740 861 0
741 763 0
741 764 0
741 894 0
742 773 0
742 832 0
742 879 0
742 912 0
743 752 0
743 762 0
743 768 0
743 822 0
743 931 0
743 969 0
743 979 0
744 769 0
744 821 0
744 915 0
744 998 0
745 816 0
745 850 0
745 940 0
745 952 0
745 977 0
746 765 0
746 922 0
747 763 0
747 796 0
747 807 0
747 832 0
747 927 0
747 961 0
748 781 0
748 787 0
748 807 0
748 853 0
748 887 0
748 906 0
748 908 0
748 911 0
748 953 0
748 995 0
749 786 0
749 809 0
749 844 0
749 921 0
749 940 0
749 943 0
749 948 0
750 755 0
750 769 0
750 783 0
750 798 0
750 839 0
750 858 0
750 919 0
750 947 0
751 779 0
751 781 0
751 857 0
751 876 0
751 885 0
751 887 0
751 926 0
751 964 0
752 755 0
752 843 0
752 856 0
752 897 0
752 930 0
752 957 0
753 870 0
753 872 0
753 897 0
753 909 0
753 946 0
754 794 0
754 864 0
754 866 0
754 887 0
754 902 0
755 795 0
755 839 0
755 842 0
755 869 0
755 903 0
755 915 0
755 977 0
755 986 0
755 990 0
756 880 0
756 883 0
756 945 0
756 969 0
756 981 0
756 992 0
757 764 0
757 827 0
757 828 0
757 853 0
757 912 0
757 936 0
757 964 0
757 995 0
758 790 0
758 824 0
758 852 0
758 927 0
758 935 0
759 903 0
759 964 0
759 994 0
760 856 0
760 870 0
760 886 0
760 921 0
760 952 0
760 965 0
760 970 0
761 806 0
761 848 0
761 903 0
762 882 0
762 971 0
763 785 0
763 806 0
763 825 0
763 917 0
763 921 0
763 923 0
763 980 0
764 785 0
764 804 0
764 913 0
764 956 0
765 936 0
766 779 0
766 797 0
766 824 0
766 825 0
766 826 0
766 844 0
766 872 0
766 944 0
766 947 0
767 822 0
767 856 0
767 941 0
767 950 0
767 978 0
768 789 0
769 854 0
769 934 0
770 851 0
770 869 0
770 928 0
771 783 0
771 839 0
771 887 0
771 909 0
771 911 0
772 779 0
772 922 0
772 931 0
774 802 0
774 805 0
774 847 0
774 853 0
774 935 0
774 988 0
775 780 0
775 826 0
775 846 0
775 851 0
775 962 0
775 990 0
776 777 0
776 803 0
776 805 0
776 827 0
776 844 0
777 834 0
777 864 0
777 872 0
777 886 0
778 826 0
778 927 0
779 901 0
779 967 0
780 803 0
780 858 0
780 924 0
780 934 0
780 944 0
780 992 0
781 814 0
781 839 0
781 862 0
781 998 0
782 796 0
782 915 0
782 930 0
782 974 0
782 983 0
784 814 0
784 877 0
784 941 0
784 960 0
784 996 0
784 997 0
785 788 0
785 950 0
785 962 0
785 998 0
786 861 0
786 863 0
786 976 0
786 986 0
787 841 0
787 846 0
787 922 0
787 939 0
787 941 0
787 996 0
788 804 0
788 815 0
788 883 0
788 895 0
788 915 0
789 837 0
789 976 0
789 995 0
790 816 0
790 877 0
791 827 0
791 839 0
791 845 0
791 999 0
793 798 0
793 836 0
793 840 0
794 956 0
795 898 0
795 969 0
795 971 0
796 809 0
796 813 0
796 818 0
796 858 0
796 875 0
796 938 0
796 974 0
796 981 0
797 826 0
797 840 0
797 908 0
797 977 0
797 984 0
798 823 0
798 879 0
799 810 0
799 815 0
799 821 0
799 836 0
799 973 0
800 851 0
800 885 0
800 894 0
800 982 0
801 825 0
801 839 0
801 881 0
801 885 0
801 946 0
801 977 0
802 950 0
802 956 0
802 975 0
803 831 0
803 882 0
803 894 0
804 889 0
804 921 0
804 930 0
804 964 0
805 842 0
805 952 0
806 866 0
806 969 0
807 849 0
807 878 0
807 922 0
807 946 0
807 993 0
808 942 0
808 982 0
809 901 0
809 916 0
809 931 0
810 879 0
810 994 0
811 830 0
811 840 0
811 887 0
811 964 0
812 816 0
812 833 0
813 878 0
814 848 0
814 873 0
814 928 0
814 980 0
815 894 0
815 898 0
815 971 0
816 836 0
816 950 0
817 915 0
817 936 0
817 940 0
818 835 0
818 915 0
818 951 0
818 966 0
819 966 0
819 982 0
819 993 0
820 858 0
820 877 0
820 916 0
820 928 0
820 950 0
821 910 0
821 985 0
821 999 0
822 829 0
822 869 0
822 902 0
823 851 0
823 866 0
823 885 0
823 939 0
823 962 0
824 878 0
824 917 0
825 847 0
825 882 0
825 920 0
825 957 0
826 829 0
826 855 0
826 921 0
826 960 0
826 980 0
827 844 0
827 874 0
828 840 0
828 866 0
828 875 0
828 886 0
828 919 0
828 949 0
829 894 0
830 841 0
830 852 0
830 859 0
830 864 0
830 890 0
830 902 0
830 922 0
830 939 0
830 978 0
831 855 0
831 879 0
831 910 0
831 983 0
832 855 0
832 858 0
832 869 0
832 912 0
832 935 0
832 950 0
832 964 0
833 849 0
833 993 0
834 868 0
834 914 0
834 939 0
834 947 0
835 843 0
835 897 0
835 933 0
835 945 0
835 969 0
835 983 0
836 843 0
836 962 0
836 989 0
836 997 0
837 890 0
838 882 0
838 969 0
838 989 0
838 992 0
839 845 0
839 896 0
839 971 0
840 905 0
840 977 0
841 912 0
841 986 0
842 893 0
842 957 0
842 987 0
843 886 0
843 903 0
844 977 0
845 972 0
845 980 0
845 991 0
846 873 0
846 879 0
846 913 0
846 978 0
847 885 0
847 901 0
848 857 0
848 959 0
848 960 0
849 877 0
850 891 0
851 867 0
851 928 0
851 933 0
852 952 0
853 981 0
854 899 0
855 890 0
855 957 0
855 970 0
856 872 0
856 886 0
856 899 0
857 915 0
858 869 0
858 885 0
858 888 0
858 932 0
859 989 0
860 863 0
861 882 0
861 902 0
861 922 0
862 948 0
862 969 0
862 988 0
862 989 0
863 885 0
863 911 0
863 974 0
864 963 0
864 983 0
864 995 0
865 900 0
865 974 0
866 928 0
866 941 0
867 935 0
868 989 0
869 967 0
870 931 0
870 989 0
870 992 0
871 897 0
871 950 0
872 880 0
872 951 0
873 962 0
874 977 0
875 893 0
875 920 0
875 989 0
876 888 0
876 985 0
877 928 0
877 941 0
877 946 0
877 984 0
878 883 0
878 997 0
879 880 0
879 942 0
879 953 0
880 908 0
880 918 0
880 968 0
881 908 0
881 981 0
882 909 0
882 990 0
882 993 0
883 950 0
883 980 0
884 950 0
884 958 0
885 951 0
885 954 0
885 963 0
885 983 0
887 983 0
888 963 0
888 973 0
890 984 0
890 986 0
891 904 0
892 901 0
893 896 0
893 941 0
896 910 0
897 943 0
897 960 0
898 961 0
899 942 0
899 946 0
900 919 0
900 966 0
900 987 0
900 991 0
901 906 0
901 926 0
901 983 0
902 913 0
902 935 0
902 939 0
902 952 0
902 965 0
903 928 0
903 929 0
903 941 0
904 919 0
904 976 0
905 907 0
905 947 0
905 962 0
905 994 0
906 984 0
907 938 0
907 957 0
907 968 0
907 971 0
908 934 0
908 961 0
908 962 0
908 980 0
909 977 0
910 975 0
910 978 0
912 964 0
913 925 0
913 931 0
913 948 0
914 917 0
914 930 0
914 938 0
914 941 0
914 974 0
914 990 0
914 991 0
915 992 0
916 924 0
917 941 0
917 995 0
918 937 0
918 939 0
918 974 0
918 995 0
919 938 0
921 981 0
921 999 0
922 957 0
923 945 0
924 943 0
924 959 0
924 973 0
925 945 0
925 959 0
925 964 0
927 968 0
928 963 0
928 971 0
930 945 0
930 948 0
930 965 0
931 983 0
931 997 0
934 953 0
934 969 0
936 944 0
936 964 0
936 966 0
937 988 0
939 947 0
940 995 0
942 985 0
942 990 0
943 952 0
944 992 0
946 947 0
947 956 0
948 953 0
950 977 0
953 961 0
953 963 0
953 968 0
953 989 0
954 975 0
954 978 0
957 961 0
957 985 0
960 988 0
962 975 0
965 997 0
966 978 0
974 987 0
979 992 0
979 998 0
983 998 0
991 999 0
