directed
0 290 0
0 964 0
1 498 0
1 838 0
2 76 0
2 332 0
2 394 0
2 636 0
3 187 0
4 405 0
4 519 0
4 579 0
4 759 0
5 546 0
5 945 0
6 11 0
6 12 0
6 119 0
6 130 0
6 323 0
7 214 0
7 258 0
7 549 0
7 942 0
8 10 0
8 610 0
8 708 0
9 50 0
9 115 0
9 145 0
9 303 0
10 117 0
10 199 0
10 611 0
10 675 0
10 851 0
11 68 0
12 263 0
12 267 0
12 314 0
12 667 0
13 266 0
13 489 0
13 654 0
13 750 0
13 865 0
14 687 0
14 742 0
14 755 0
14 815 0
15 324 0
15 532 0
15 822 0
15 886 0
16 300 0
16 385 0
16 583 0
16 890 0
17 112 0
17 966 0
18 739 0
19 129 0
19 152 0
19 202 0
19 421 0
19 422 0
19 534 0
19 710 0
19 813 0
20 96 0
20 298 0
20 507 0
20 542 0
20 717 0
20 776 0
21 52 0
21 90 0
21 471 0
21 730 0
21 783 0
21 994 0
22 129 0
23 84 0
23 103 0
23 329 0
24 204 0
24 586 0
24 987 0
25 37 0
25 624 0
25 667 0
25 876 0
26 30 0
26 949 0
27 413 0
28 233 0
28 317 0
28 938 0
29 65 0
29 595 0
29 825 0
30 359 0
30 959 0
31 138 0
31 170 0
31 268 0
31 464 0
31 633 0
32 256 0
32 287 0
32 420 0
32 539 0
32 594 0
32 784 0
33 94 0
33 307 0
33 464 0
33 492 0
33 623 0
33 724 0
33 772 0
34 231 0
34 738 0
35 95 0
35 151 0
35 498 0
35 792 0
35 796 0
35 892 0
35 950 0
36 353 0
36 433 0
36 479 0
36 534 0
37 222 0
37 535 0
37 541 0
37 750 0
38 63 0
38 136 0
38 146 0
38 247 0
38 345 0
38 519 0
38 597 0
38 802 0
38 980 0
39 173 0
39 408 0
39 461 0
39 549 0
39 675 0
40 73 0
40 119 0
40 631 0
40 829 0
41 270 0
41 523 0
41 547 0
41 585 0
41 668 0
42 56 0
42 312 0
42 544 0
43 175 0
43 734 0
43 908 0
44 725 0
44 880 0
44 931 0
45 129 0
45 496 0
45 526 0
45 849 0
45 911 0
46 169 0
46 358 0
46 975 0
47 543 0
47 556 0
47 573 0
47 768 0
48 269 0
48 299 0
50 158 0
50 416 0
50 680 0
51 120 0
51 175 0
51 185 0
51 619 0
51 655 0
51 735 0
51 817 0
52 182 0
52 236 0
52 388 0
52 861 0
53 138 0
53 522 0
53 903 0
54 123 0
54 380 0
54 560 0
55 146 0
55 760 0
55 778 0
55 824 0
56 188 0
56 261 0
56 325 0
56 473 0
56 945 0
56 977 0
58 69 0
58 390 0
58 428 0
58 666 0
58 701 0
58 765 0
59 303 0
59 500 0
59 563 0
59 573 0
59 863 0
59 994 0
60 129 0
60 715 0
60 885 0
60 943 0
60 990 0
61 292 0
61 308 0
61 359 0
61 566 0
61 697 0
61 782 0
61 978 0
62 529 0
62 564 0
62 887 0
63 87 0
64 109 0
64 221 0
64 444 0
64 656 0
64 778 0
65 139 0
65 990 0
67 403 0
67 495 0
67 502 0
67 576 0
67 654 0
68 825 0
69 211 0
70 466 0
70 610 0
70 911 0
70 986 0
71 899 0
72 166 0
72 323 0
72 673 0
72 911 0
73 221 0
73 295 0
73 508 0
73 549 0
73 826 0
73 890 0
73 952 0
73 957 0
74 394 0
74 436 0
74 746 0
74 961 0
74 991 0
75 81 0
75 355 0
75 403 0
75 676 0
76 86 0
76 155 0
76 191 0
76 312 0
76 540 0
76 648 0
76 754 0
76 954 0
77 150 0
77 182 0
77 586 0
78 116 0
78 310 0
78 425 0
78 454 0
78 783 0
78 802 0
78 920 0
78 956 0
79 221 0
79 233 0
79 957 0
80 545 0
80 607 0
81 345 0
81 561 0
81 563 0
81 751 0
81 847 0
81 865 0
82 101 0
82 385 0
82 583 0
82 647 0
83 211 0
83 259 0
83 296 0
83 754 0
84 96 0
84 124 0
84 253 0
84 292 0
84 300 0
85 717 0
85 809 0
86 424 0
86 478 0
86 600 0
86 698 0
86 880 0
87 542 0
87 731 0
87 926 0
88 195 0
88 216 0
88 891 0
89 428 0
89 790 0
89 838 0
89 964 0
90 201 0
90 298 0
90 558 0
90 635 0
90 674 0
90 687 0
90 764 0
91 745 0
91 810 0
91 812 0
91 930 0
92 96 0
92 373 0
92 617 0
93 321 0
93 597 0
94 126 0
94 166 0
94 222 0
94 553 0
94 603 0
94 654 0
94 756 0
94 819 0
94 956 0
94 979 0
95 618 0
95 975 0
96 158 0
96 177 0
96 577 0
96 782 0
96 883 0
97 150 0
97 314 0
97 619 0
97 710 0
97 765 0
97 775 0
97 828 0
98 115 0
98 287 0
98 403 0
98 733 0
98 763 0
99 243 0
99 325 0
99 354 0
99 356 0
99 445 0
99 563 0
99 568 0
100 660 0
100 761 0
100 970 0
101 190 0
101 448 0
101 523 0
102 350 0
102 397 0
102 452 0
102 497 0
102 604 0
102 640 0
102 750 0
102 849 0
102 876 0
103 159 0
103 309 0
103 794 0
103 978 0
104 816 0
105 410 0
105 491 0
106 168 0
106 613 0
106 760 0
106 891 0
107 155 0
107 256 0
107 285 0
107 303 0
107 436 0
107 643 0
107 839 0
107 894 0
108 499 0
108 930 0
109 277 0
109 568 0
109 808 0
110 268 0
110 767 0
110 855 0
111 539 0
111 674 0
112 141 0
112 167 0
112 511 0
112 570 0
112 894 0
113 195 0
113 371 0
113 490 0
113 509 0
113 535 0
113 781 0
113 954 0
114 546 0
114 565 0
114 611 0
114 954 0
115 177 0
115 645 0
115 684 0
115 852 0
115 894 0
116 472 0
116 581 0
116 799 0
116 842 0
117 126 0
117 143 0
117 552 0
117 739 0
117 747 0
118 163 0
118 479 0
118 663 0
118 683 0
119 287 0
120 190 0
120 436 0
120 492 0
121 629 0
121 685 0
121 805 0
122 709 0
122 870 0
122 934 0
123 909 0
123 914 0
124 257 0
124 340 0
124 345 0
124 512 0
124 565 0
124 800 0
124 999 0
125 620 0
126 240 0
126 723 0
127 580 0
127 741 0
128 276 0
128 320 0
128 753 0
129 849 0
130 185 0
130 229 0
130 300 0
130 753 0
130 774 0
130 793 0
130 795 0
131 301 0
131 599 0
131 779 0
132 546 0
132 576 0
132 689 0
132 988 0
134 373 0
134 409 0
134 656 0
135 602 0
135 724 0
136 308 0
136 351 0
137 635 0
137 819 0
137 837 0
137 977 0
139 485 0
139 931 0
139 963 0
139 976 0
140 698 0
140 884 0
140 977 0
141 184 0
141 431 0
141 440 0
141 536 0
142 311 0
143 307 0
143 444 0
143 725 0
143 818 0
144 370 0
144 455 0
144 510 0
145 170 0
145 279 0
145 923 0
146 310 0
146 349 0
146 393 0
146 447 0
146 500 0
147 293 0
147 543 0
147 623 0
147 628 0
147 633 0
147 798 0
148 883 0
149 263 0
149 377 0
149 389 0
149 507 0
149 866 0
150 294 0
150 868 0
150 996 0
151 228 0
151 252 0
151 443 0
151 520 0
151 763 0
152 270 0
152 445 0
152 480 0
152 519 0
152 896 0
152 964 0
153 249 0
153 638 0
153 694 0
153 817 0
154 233 0
154 577 0
155 246 0
155 681 0
155 858 0
156 406 0
157 759 0
157 838 0
157 965 0
158 925 0
160 342 0
160 829 0
161 210 0
161 407 0
161 485 0
161 565 0
161 991 0
162 202 0
162 332 0
162 401 0
162 748 0
162 865 0
163 312 0
163 365 0
163 734 0
163 778 0
163 880 0
164 397 0
164 890 0
165 497 0
165 651 0
166 684 0
166 904 0
167 337 0
167 705 0
168 854 0
169 279 0
169 893 0
170 269 0
170 503 0
170 593 0
170 751 0
171 507 0
171 955 0
172 599 0
172 887 0
173 185 0
173 199 0
173 442 0
173 748 0
173 870 0
173 912 0
174 391 0
174 720 0
174 976 0
175 227 0
175 274 0
175 353 0
175 412 0
175 848 0
176 253 0
176 256 0
176 326 0
176 769 0
176 787 0
176 805 0
177 642 0
177 671 0
178 248 0
178 275 0
178 419 0
179 538 0
180 717 0
180 867 0
181 960 0
181 978 0
182 250 0
183 401 0
183 469 0
183 746 0
184 883 0
185 463 0
185 796 0
186 294 0
186 743 0
186 748 0
187 296 0
187 647 0
187 708 0
188 323 0
188 345 0
188 420 0
188 488 0
188 723 0
189 300 0
189 404 0
189 589 0
190 243 0
190 403 0
190 602 0
190 803 0
191 283 0
191 359 0
191 402 0
191 662 0
192 453 0
192 600 0
192 649 0
192 662 0
193 439 0
193 648 0
194 463 0
194 585 0
195 639 0
195 656 0
195 694 0
195 810 0
195 877 0
195 958 0
196 199 0
196 273 0
196 507 0
197 222 0
197 247 0
197 556 0
197 619 0
197 721 0
198 707 0
199 429 0
199 967 0
200 642 0
200 842 0
201 546 0
201 680 0
201 697 0
201 798 0
202 665 0
202 950 0
204 492 0
204 779 0
204 875 0
204 965 0
205 839 0
205 934 0
206 642 0
206 768 0
206 832 0
207 436 0
208 464 0
208 737 0
209 222 0
209 514 0
210 321 0
211 328 0
211 472 0
211 829 0
211 872 0
211 883 0
211 896 0
212 753 0
213 556 0
213 642 0
213 688 0
213 924 0
214 252 0
214 713 0
214 957 0
215 252 0
215 361 0
215 405 0
215 988 0
216 317 0
216 737 0
216 740 0
217 538 0
218 414 0
218 837 0
219 561 0
219 664 0
220 372 0
220 799 0
220 816 0
221 599 0
221 998 0
222 428 0
222 751 0
222 875 0
222 896 0
222 907 0
223 311 0
223 338 0
223 356 0
223 418 0
223 666 0
224 471 0
224 481 0
224 727 0
224 910 0
225 392 0
225 581 0
225 847 0
226 308 0
226 366 0
226 462 0
226 638 0
226 955 0
227 486 0
227 644 0
227 918 0
227 973 0
228 352 0
228 433 0
228 696 0
228 770 0
228 932 0
229 326 0
229 481 0
229 599 0
230 618 0
231 444 0
231 727 0
233 413 0
233 768 0
233 821 0
233 911 0
233 959 0
234 626 0
234 749 0
234 855 0
235 292 0
235 348 0
235 450 0
235 659 0
235 880 0
237 257 0
237 353 0
237 805 0
238 804 0
239 288 0
239 360 0
239 469 0
239 540 0
239 625 0
239 780 0
239 885 0
240 269 0
240 279 0
240 646 0
240 847 0
240 917 0
241 422 0
241 641 0
241 657 0
241 899 0
241 937 0
242 610 0
242 752 0
242 759 0
242 805 0
243 385 0
243 922 0
244 474 0
244 490 0
244 644 0
244 837 0
244 897 0
244 968 0
245 268 0
245 326 0
245 372 0
245 733 0
245 818 0
246 305 0
246 484 0
246 628 0
246 721 0
246 785 0
246 929 0
247 367 0
247 648 0
247 976 0
248 326 0
248 349 0
248 471 0
248 649 0
248 967 0
249 909 0
250 388 0
251 303 0
251 764 0
251 952 0
252 888 0
252 910 0
252 922 0
253 787 0
253 806 0
254 813 0
254 981 0
255 257 0
255 910 0
256 315 0
256 577 0
256 587 0
257 462 0
257 606 0
257 882 0
257 944 0
258 324 0
258 414 0
258 613 0
258 784 0
259 456 0
259 749 0
259 781 0
260 405 0
260 414 0
260 594 0
260 736 0
260 913 0
261 369 0
261 529 0
261 924 0
261 979 0
262 612 0
262 754 0
263 488 0
263 773 0
264 285 0
264 724 0
265 321 0
265 456 0
265 493 0
265 605 0
265 876 0
266 415 0
266 419 0
266 506 0
266 571 0
266 588 0
266 934 0
267 820 0
268 744 0
268 899 0
269 293 0
269 440 0
269 724 0
270 648 0
271 555 0
271 563 0
271 878 0
272 708 0
272 755 0
272 948 0
272 971 0
274 836 0
274 886 0
274 925 0
275 339 0
275 713 0
275 739 0
275 858 0
275 925 0
276 328 0
276 437 0
276 520 0
276 828 0
277 383 0
279 850 0
280 798 0
281 449 0
281 567 0
281 996 0
282 513 0
282 639 0
282 716 0
282 732 0
282 778 0
282 833 0
283 534 0
283 931 0
285 556 0
286 627 0
287 523 0
287 562 0
287 673 0
287 771 0
287 838 0
287 955 0
288 316 0
288 319 0
289 362 0
289 480 0
289 517 0
289 704 0
289 879 0
290 438 0
290 710 0
290 900 0
291 732 0
292 472 0
292 804 0
293 838 0
293 925 0
294 812 0
295 503 0
295 619 0
295 817 0
296 420 0
296 524 0
297 398 0
297 959 0
298 845 0
299 564 0
299 742 0
299 826 0
299 851 0
299 882 0
299 961 0
300 558 0
300 715 0
301 341 0
302 478 0
302 546 0
302 630 0
302 957 0
303 606 0
303 688 0
304 792 0
304 839 0
305 384 0
306 536 0
306 740 0
306 807 0
307 395 0
307 570 0
307 877 0
307 956 0
308 340 0
308 728 0
309 560 0
309 758 0
309 810 0
309 813 0
310 563 0
310 735 0
310 755 0
311 404 0
311 479 0
311 537 0
312 432 0
312 706 0
312 768 0
313 340 0
313 416 0
313 579 0
313 584 0
313 606 0
313 775 0
313 874 0
314 564 0
315 404 0
315 684 0
315 856 0
316 537 0
316 726 0
317 898 0
317 916 0
318 729 0
318 810 0
319 371 0
319 376 0
319 474 0
319 646 0
320 327 0
320 402 0
320 590 0
320 685 0
320 853 0
321 407 0
321 422 0
322 798 0
323 365 0
323 587 0
323 662 0
323 906 0
323 911 0
323 923 0
324 520 0
324 534 0
327 876 0
327 903 0
327 935 0
327 938 0
327 964 0
328 647 0
328 685 0
328 816 0
329 334 0
329 381 0
329 604 0
329 689 0
329 807 0
330 440 0
330 515 0
330 566 0
330 927 0
331 748 0
331 874 0
332 484 0
332 582 0
332 793 0
332 817 0
332 840 0
333 385 0
334 353 0
334 471 0
334 572 0
334 578 0
334 640 0
335 755 0
335 928 0
336 581 0
336 782 0
337 436 0
337 454 0
337 712 0
337 777 0
337 799 0
337 829 0
337 890 0
338 565 0
340 371 0
340 510 0
340 521 0
340 564 0
340 607 0
340 703 0
340 937 0
341 593 0
341 812 0
342 396 0
342 582 0
342 760 0
343 501 0
343 520 0
343 546 0
343 627 0
343 630 0
343 891 0
345 365 0
345 642 0
345 734 0
345 854 0
345 976 0
345 997 0
346 533 0
346 742 0
347 388 0
347 645 0
348 558 0
348 598 0
349 422 0
349 512 0
349 643 0
349 779 0
351 628 0
351 702 0
351 738 0
351 807 0
351 910 0
352 575 0
352 587 0
352 897 0
352 986 0
353 366 0
353 497 0
353 512 0
354 406 0
354 476 0
355 647 0
355 815 0
355 837 0
355 906 0
356 919 0
357 415 0
357 848 0
358 429 0
358 542 0
358 856 0
359 849 0
360 469 0
360 678 0
360 712 0
360 887 0
360 932 0
362 442 0
362 470 0
362 475 0
362 826 0
363 534 0
363 694 0
363 991 0
364 565 0
364 688 0
364 708 0
365 452 0
365 564 0
365 807 0
365 839 0
366 754 0
367 381 0
367 621 0
367 896 0
369 562 0
369 781 0
369 869 0
370 648 0
370 913 0
370 927 0
372 440 0
372 467 0
372 486 0
372 509 0
372 915 0
373 722 0
373 998 0
374 882 0
374 987 0
375 551 0
375 608 0
376 616 0
376 704 0
376 729 0
376 917 0
377 439 0
378 747 0
379 546 0
379 869 0
380 400 0
381 385 0
381 489 0
381 612 0
382 386 0
382 768 0
383 937 0
384 508 0
384 828 0
384 988 0
386 843 0
387 581 0
387 614 0
387 649 0
387 820 0
387 905 0
387 943 0
387 999 0
388 438 0
388 505 0
388 607 0
388 671 0
388 672 0
388 995 0
389 439 0
389 611 0
389 830 0
389 844 0
389 901 0
390 600 0
390 873 0
391 414 0
391 430 0
391 917 0
391 942 0
392 421 0
392 646 0
392 827 0
392 853 0
392 883 0
392 954 0
393 821 0
393 835 0
394 694 0
394 871 0
394 945 0
394 968 0
395 898 0
395 912 0
395 962 0
396 640 0
396 771 0
398 526 0
398 719 0
399 413 0
399 455 0
399 714 0
399 793 0
400 415 0
400 580 0
401 881 0
402 466 0
402 996 0
403 709 0
404 463 0
405 425 0
405 678 0
406 819 0
407 574 0
407 682 0
407 689 0
408 427 0
408 740 0
409 442 0
409 622 0
409 660 0
409 943 0
410 501 0
410 574 0
410 603 0
410 862 0
410 981 0
411 513 0
411 547 0
411 836 0
411 865 0
413 961 0
415 536 0
415 680 0
415 783 0
415 922 0
416 428 0
416 522 0
416 572 0
416 773 0
417 679 0
418 888 0
419 561 0
419 575 0
419 630 0
420 467 0
420 697 0
420 943 0
421 859 0
422 616 0
423 677 0
423 788 0
424 491 0
424 498 0
424 785 0
424 790 0
425 691 0
425 801 0
426 526 0
426 531 0
426 639 0
426 988 0
427 760 0
428 601 0
429 632 0
429 668 0
429 756 0
429 895 0
430 450 0
430 541 0
430 847 0
431 447 0
431 606 0
431 608 0
432 484 0
432 521 0
432 767 0
432 813 0
432 966 0
433 675 0
433 784 0
433 785 0
433 975 0
434 610 0
434 931 0
435 893 0
435 900 0
435 998 0
436 536 0
436 845 0
437 845 0
437 848 0
437 962 0
438 493 0
438 945 0
439 690 0
441 589 0
441 609 0
441 628 0
441 905 0
441 907 0
441 996 0
442 876 0
442 899 0
443 521 0
443 628 0
443 757 0
444 474 0
445 505 0
445 618 0
445 808 0
447 594 0
447 663 0
447 698 0
447 786 0
448 679 0
449 534 0
449 807 0
449 819 0
450 631 0
450 783 0
450 996 0
451 677 0
451 820 0
451 830 0
452 606 0
452 967 0
454 814 0
455 577 0
455 655 0
455 698 0
455 853 0
456 468 0
458 621 0
458 633 0
458 948 0
459 565 0
459 713 0
459 764 0
460 659 0
460 723 0
461 551 0
461 906 0
462 770 0
463 748 0
463 753 0
463 778 0
464 789 0
465 510 0
465 545 0
465 625 0
465 887 0
466 963 0
466 975 0
467 575 0
467 618 0
467 798 0
468 653 0
470 556 0
471 479 0
472 549 0
472 605 0
472 841 0
473 840 0
473 846 0
474 593 0
474 702 0
474 844 0
474 925 0
475 573 0
476 776 0
476 982 0
477 889 0
477 911 0
478 830 0
479 609 0
479 928 0
479 947 0
480 490 0
480 535 0
481 610 0
481 773 0
481 831 0
482 533 0
482 560 0
482 614 0
482 930 0
483 575 0
483 577 0
484 552 0
484 748 0
485 586 0
485 610 0
485 703 0
485 778 0
488 711 0
489 547 0
489 801 0
489 960 0
489 969 0
490 617 0
490 665 0
490 827 0
490 847 0
492 718 0
494 758 0
494 880 0
495 499 0
495 533 0
495 800 0
496 601 0
496 766 0
496 912 0
496 954 0
497 559 0
497 945 0
499 549 0
499 594 0
499 696 0
500 653 0
501 557 0
501 615 0
502 726 0
502 775 0
502 856 0
503 674 0
503 829 0
503 951 0
505 912 0
506 828 0
507 588 0
508 829 0
508 865 0
509 929 0
511 674 0
512 610 0
512 618 0
512 862 0
512 902 0
513 518 0
513 597 0
513 677 0
513 691 0
513 698 0
513 758 0
513 860 0
514 619 0
514 633 0
514 954 0
515 683 0
515 726 0
516 875 0
517 663 0
518 538 0
518 550 0
518 669 0
518 900 0
518 926 0
519 542 0
519 566 0
519 705 0
519 889 0
520 708 0
520 763 0
522 710 0
522 780 0
522 891 0
522 984 0
523 530 0
523 729 0
524 985 0
525 619 0
525 656 0
525 837 0
525 930 0
525 985 0
526 705 0
527 554 0
528 787 0
530 811 0
530 986 0
531 981 0
533 667 0
533 670 0
533 715 0
533 766 0
535 577 0
535 777 0
535 813 0
535 833 0
537 736 0
537 957 0
537 967 0
538 651 0
538 741 0
539 623 0
539 638 0
539 774 0
539 801 0
539 818 0
539 888 0
539 992 0
540 548 0
540 581 0
541 684 0
542 721 0
543 637 0
543 699 0
543 724 0
543 794 0
543 841 0
544 624 0
544 633 0
544 915 0
545 848 0
545 950 0
546 606 0
546 659 0
546 713 0
546 763 0
547 706 0
547 882 0
548 826 0
548 865 0
549 717 0
550 627 0
550 805 0
550 825 0
551 701 0
553 819 0
554 777 0
555 667 0
555 889 0
556 685 0
556 704 0
558 673 0
558 712 0
559 906 0
559 937 0
559 974 0
559 988 0
560 647 0
560 914 0
561 669 0
562 749 0
562 918 0
563 576 0
564 632 0
565 975 0
566 711 0
566 745 0
566 772 0
566 851 0
567 932 0
568 630 0
569 619 0
569 792 0
570 928 0
570 989 0
570 995 0
571 700 0
571 706 0
571 853 0
572 611 0
572 773 0
572 794 0
572 820 0
573 618 0
573 767 0
574 637 0
574 760 0
574 826 0
574 836 0
575 607 0
575 847 0
575 856 0
575 894 0
576 651 0
576 747 0
576 894 0
577 697 0
577 918 0
578 688 0
578 720 0
578 787 0
578 841 0
579 622 0
579 651 0
579 793 0
580 610 0
580 776 0
580 900 0
580 955 0
581 722 0
581 834 0
581 921 0
582 705 0
582 931 0
583 938 0
584 943 0
586 774 0
587 588 0
587 848 0
587 902 0
588 759 0
588 804 0
588 832 0
591 867 0
591 922 0
592 838 0
594 668 0
594 897 0
595 625 0
596 653 0
597 716 0
597 982 0
598 680 0
598 715 0
598 874 0
598 933 0
599 615 0
599 762 0
600 858 0
601 714 0
601 984 0
602 769 0
605 712 0
605 947 0
608 789 0
609 851 0
610 805 0
611 622 0
611 944 0
612 767 0
612 802 0
612 859 0
613 670 0
613 705 0
614 741 0
615 651 0
615 702 0
615 706 0
615 773 0
615 791 0
616 901 0
616 937 0
617 941 0
620 734 0
620 942 0
621 731 0
621 983 0
622 667 0
622 918 0
623 755 0
623 923 0
624 843 0
624 895 0
629 784 0
629 868 0
629 902 0
630 795 0
631 698 0
631 722 0
632 639 0
633 780 0
634 687 0
635 839 0
636 959 0
637 693 0
638 776 0
638 794 0
640 933 0
640 945 0
641 668 0
642 727 0
642 873 0
643 752 0
644 794 0
644 830 0
645 969 0
646 762 0
647 730 0
647 817 0
647 916 0
648 864 0
650 755 0
650 879 0
650 917 0
650 995 0
651 698 0
651 937 0
651 961 0
652 712 0
653 901 0
655 741 0
655 888 0
656 989 0
656 998 0
657 747 0
657 908 0
657 981 0
658 788 0
658 916 0
658 925 0
659 686 0
659 915 0
660 686 0
660 813 0
661 852 0
661 880 0
661 885 0
662 840 0
663 877 0
663 960 0
664 948 0
666 792 0
667 906 0
667 978 0
671 846 0
673 713 0
675 741 0
678 750 0
678 983 0
679 898 0
679 959 0
680 910 0
681 708 0
681 847 0
682 881 0
684 859 0
684 863 0
685 724 0
685 876 0
686 919 0
688 848 0
690 782 0
690 932 0
691 878 0
695 729 0
695 813 0
697 950 0
698 961 0
698 985 0
699 936 0
700 775 0
700 788 0
703 722 0
704 978 0
706 775 0
706 777 0
707 734 0
708 742 0
710 788 0
710 898 0
710 961 0
711 737 0
711 845 0
712 768 0
714 858 0
715 833 0
715 965 0
716 838 0
717 970 0
718 987 0
719 766 0
720 841 0
720 987 0
721 838 0
725 778 0
725 832 0
725 941 0
726 849 0
727 814 0
727 949 0
728 854 0
728 993 0
729 755 0
729 808 0
729 905 0
730 819 0
732 801 0
732 812 0
734 980 0
735 747 0
736 802 0
736 964 0
737 795 0
738 856 0
738 965 0
740 925 0
744 773 0
745 970 0
746 814 0
746 980 0
749 833 0
750 957 0
751 794 0
752 829 0
752 842 0
752 900 0
753 936 0
755 814 0
756 865 0
757 823 0
757 993 0
758 868 0
759 815 0
761 856 0
761 950 0
761 956 0
762 788 0
762 898 0
762 922 0
764 851 0
766 986 0
769 861 0
769 869 0
769 946 0
769 980 0
770 771 0
770 897 0
770 898 0
770 946 0
770 993 0
772 886 0
772 952 0
772 978 0
775 798 0
775 966 0
777 833 0
778 918 0
779 838 0
780 956 0
786 963 0
787 986 0
788 952 0
790 843 0
790 957 0
791 879 0
793 796 0
795 906 0
797 859 0
797 935 0
797 964 0
798 924 0
799 919 0
800 868 0
803 975 0
805 823 0
805 925 0
805 980 0
805 995 0
808 910 0
811 996 0
812 868 0
813 839 0
813 921 0
814 974 0
815 827 0
815 884 0
817 970 0
819 823 0
819 874 0
820 899 0
823 913 0
823 945 0
824 889 0
828 905 0
831 930 0
833 860 0
836 985 0
841 935 0
841 938 0
843 920 0
844 851 0
844 962 0
844 969 0
845 937 0
846 865 0
846 981 0
846 990 0
848 914 0
849 984 0
850 855 0
850 913 0
850 924 0
852 986 0
854 951 0
856 861 0
856 951 0
857 889 0
857 928 0
857 937 0
860 984 0
861 999 0
869 873 0
870 900 0
875 904 0
886 902 0
887 955 0
891 914 0
896 948 0
898 901 0
899 977 0
900 905 0
900 957 0
901 925 0
902 945 0
903 950 0
912 994 0
913 985 0
915 963 0
919 936 0
919 970 0
921 963 0
923 925 0
925 928 0
949 968 0
950 977 0
955 976 0
957 986 0
961 964 0
964 967 0
968 990 0
995 998 0
