0 342 0
0 615 0
0 662 0
0 728 0
0 748 0
0 969 0
1 23 0
1 402 0
1 616 0
1 723 0
1 920 0
1 954 0
2 51 0
2 100 0
2 108 0
2 136 0
2 233 0
2 302 0
2 416 0
2 729 0
2 807 0
2 819 0
2 830 0
2 952 0
2 994 0
3 115 0
3 233 0
3 389 0
3 795 0
4 25 0
4 185 0
4 249 0
4 701 0
4 890 0
5 264 0
5 283 0
5 285 0
5 638 0
5 672 0
5 997 0
6 156 0
6 186 0
6 219 0
6 328 0
6 509 0
6 567 0
6 688 0
6 933 0
6 941 0
7 86 0
7 163 0
7 171 0
7 341 0
7 462 0
7 602 0
7 672 0
7 803 0
8 155 0
8 193 0
8 400 0
8 511 0
8 669 0
8 703 0
8 704 0
8 884 0
8 972 0
9 68 0
9 272 0
9 461 0
9 657 0
9 667 0
9 767 0
9 804 0
9 994 0
10 151 0
10 240 0
10 297 0
10 322 0
10 391 0
10 424 0
10 457 0
10 560 0
10 696 0
11 34 0
11 92 0
11 170 0
11 207 0
11 250 0
11 276 0
11 572 0
11 606 0
11 612 0
11 678 0
11 751 0
11 849 0
12 210 0
12 282 0
12 799 0
12 829 0
13 165 0
13 225 0
13 232 0
13 566 0
13 579 0
13 637 0
14 127 0
14 331 0
14 398 0
14 444 0
14 467 0
14 505 0
14 510 0
14 649 0
14 665 0
14 667 0
14 705 0
14 718 0
14 741 0
14 778 0
15 175 0
15 272 0
15 299 0
15 377 0
15 608 0
15 845 0
16 132 0
16 299 0
16 380 0
16 457 0
16 489 0
16 528 0
16 750 0
16 849 0
16 869 0
16 921 0
17 27 0
17 107 0
17 115 0
17 141 0
17 569 0
17 637 0
17 787 0
17 927 0
18 122 0
18 296 0
18 416 0
18 453 0
18 561 0
18 565 0
18 811 0
19 304 0
19 354 0
19 370 0
19 401 0
19 521 0
19 729 0
19 784 0
19 800 0
20 129 0
20 174 0
20 284 0
20 387 0
20 522 0
20 677 0
20 769 0
20 819 0
21 30 0
21 48 0
21 109 0
21 362 0
21 429 0
21 451 0
21 607 0
21 787 0
21 903 0
22 251 0
22 401 0
22 413 0
22 567 0
23 166 0
23 218 0
23 407 0
23 423 0
23 558 0
23 588 0
23 754 0
23 797 0
23 888 0
24 252 0
24 265 0
24 464 0
24 798 0
24 845 0
25 83 0
25 96 0
25 105 0
25 127 0
25 154 0
25 331 0
25 376 0
25 378 0
25 540 0
25 653 0
25 685 0
25 699 0
25 741 0
25 905 0
25 976 0
26 172 0
26 267 0
26 613 0
26 722 0
26 736 0
26 789 0
26 934 0
27 225 0
27 579 0
27 598 0
27 963 0
28 435 0
28 511 0
28 520 0
28 563 0
28 683 0
29 246 0
29 714 0
29 853 0
29 874 0
29 899 0
29 901 0
30 119 0
30 148 0
30 471 0
30 485 0
30 519 0
30 623 0
30 700 0
30 824 0
31 200 0
31 550 0
31 571 0
31 654 0
31 807 0
31 889 0
31 992 0
32 63 0
32 82 0
32 348 0
32 352 0
32 570 0
32 608 0
32 675 0
32 805 0
32 925 0
32 938 0
32 989 0
32 999 0
33 101 0
33 165 0
33 433 0
33 513 0
33 616 0
33 646 0
33 653 0
33 832 0
33 837 0
34 109 0
34 278 0
34 315 0
34 346 0
34 579 0
34 712 0
34 874 0
34 886 0
34 897 0
34 939 0
34 961 0
34 966 0
35 47 0
35 148 0
35 213 0
35 297 0
35 439 0
35 661 0
35 679 0
35 865 0
36 46 0
36 66 0
36 175 0
36 411 0
36 860 0
36 875 0
36 886 0
36 976 0
37 189 0
37 246 0
37 608 0
37 767 0
37 956 0
38 435 0
38 643 0
38 703 0
38 848 0
38 963 0
38 976 0
38 993 0
39 139 0
39 194 0
39 399 0
39 551 0
39 569 0
39 613 0
39 645 0
39 750 0
39 773 0
39 778 0
39 797 0
39 961 0
40 67 0
40 97 0
40 156 0
40 164 0
40 291 0
40 331 0
40 376 0
40 719 0
40 919 0
40 962 0
41 93 0
41 552 0
41 562 0
41 602 0
41 904 0
41 971 0
41 975 0
42 89 0
42 220 0
42 312 0
42 645 0
42 711 0
42 981 0
43 266 0
43 333 0
43 506 0
43 573 0
43 619 0
43 699 0
43 884 0
44 316 0
44 476 0
44 482 0
44 586 0
44 755 0
44 844 0
44 878 0
44 947 0
45 137 0
45 235 0
45 250 0
45 445 0
45 481 0
45 508 0
45 909 0
45 979 0
46 292 0
46 352 0
46 592 0
46 678 0
46 987 0
47 168 0
47 223 0
47 266 0
47 330 0
47 366 0
47 380 0
47 413 0
47 509 0
47 715 0
47 820 0
47 930 0
48 231 0
48 509 0
48 611 0
48 637 0
48 712 0
48 774 0
48 880 0
48 900 0
48 963 0
49 117 0
49 280 0
49 328 0
49 402 0
49 404 0
49 492 0
49 511 0
49 636 0
49 637 0
49 699 0
49 833 0
49 928 0
50 124 0
50 160 0
50 166 0
50 404 0
50 543 0
50 550 0
50 648 0
50 848 0
50 920 0
51 150 0
51 274 0
51 282 0
51 428 0
51 513 0
51 591 0
51 713 0
51 824 0
51 832 0
52 225 0
52 239 0
52 281 0
52 374 0
52 445 0
52 581 0
52 667 0
52 714 0
52 959 0
52 968 0
52 978 0
53 144 0
53 150 0
53 331 0
53 461 0
53 679 0
53 700 0
53 795 0
53 802 0
54 325 0
54 423 0
54 470 0
54 797 0
55 214 0
55 296 0
55 379 0
55 447 0
55 601 0
55 719 0
55 767 0
55 864 0
55 906 0
56 66 0
56 510 0
56 660 0
56 781 0
57 105 0
57 221 0
57 237 0
57 328 0
57 329 0
57 481 0
57 506 0
57 557 0
57 681 0
57 764 0
57 848 0
57 960 0
57 994 0
58 287 0
58 316 0
58 756 0
59 161 0
59 190 0
59 257 0
59 288 0
59 319 0
59 320 0
59 407 0
59 540 0
59 745 0
59 843 0
59 845 0
59 856 0
59 894 0
59 984 0
60 83 0
60 149 0
60 159 0
60 206 0
60 222 0
60 272 0
60 388 0
60 555 0
60 667 0
60 734 0
60 792 0
61 170 0
61 439 0
61 549 0
61 817 0
61 832 0
62 181 0
62 184 0
62 614 0
62 711 0
62 842 0
62 863 0
62 926 0
63 120 0
63 149 0
63 337 0
63 422 0
63 541 0
63 569 0
63 576 0
63 597 0
63 697 0
63 703 0
64 215 0
64 451 0
64 507 0
64 716 0
64 803 0
64 904 0
64 989 0
65 163 0
65 200 0
65 201 0
65 591 0
65 695 0
65 700 0
65 926 0
66 69 0
66 227 0
66 253 0
66 386 0
66 414 0
66 527 0
66 657 0
66 682 0
66 752 0
66 975 0
66 997 0
67 220 0
67 223 0
67 370 0
67 418 0
67 426 0
67 500 0
67 539 0
67 606 0
67 685 0
67 801 0
67 859 0
67 932 0
68 104 0
68 372 0
68 390 0
68 546 0
68 957 0
68 985 0
69 115 0
69 219 0
69 267 0
69 546 0
69 705 0
70 288 0
70 316 0
70 456 0
70 473 0
70 609 0
71 75 0
71 221 0
71 309 0
71 416 0
71 438 0
71 442 0
71 727 0
71 813 0
71 858 0
72 172 0
72 317 0
72 540 0
72 633 0
72 814 0
72 858 0
73 202 0
73 228 0
73 279 0
73 349 0
73 438 0
73 712 0
73 740 0
73 749 0
73 754 0
73 789 0
73 872 0
74 259 0
74 327 0
74 577 0
74 766 0
75 96 0
75 155 0
75 213 0
75 248 0
75 263 0
75 479 0
75 543 0
75 649 0
75 681 0
75 772 0
75 826 0
76 113 0
76 141 0
76 466 0
76 594 0
76 645 0
76 830 0
77 80 0
77 185 0
77 296 0
77 311 0
77 331 0
77 454 0
77 457 0
77 548 0
77 644 0
77 662 0
77 688 0
77 737 0
77 828 0
78 145 0
78 209 0
78 285 0
78 473 0
78 516 0
78 564 0
78 604 0
78 613 0
78 679 0
78 750 0
78 770 0
79 188 0
79 394 0
79 562 0
79 904 0
80 134 0
80 144 0
80 173 0
80 243 0
80 272 0
80 285 0
80 389 0
80 493 0
80 727 0
80 828 0
80 896 0
80 956 0
80 990 0
81 233 0
81 382 0
81 473 0
81 757 0
82 216 0
82 332 0
82 504 0
83 201 0
83 202 0
83 470 0
83 523 0
83 666 0
83 935 0
84 95 0
84 235 0
84 260 0
84 267 0
84 392 0
84 544 0
84 549 0
84 564 0
84 823 0
85 332 0
85 348 0
85 374 0
85 439 0
85 513 0
85 653 0
85 879 0
85 948 0
86 94 0
86 113 0
86 119 0
86 144 0
86 606 0
86 665 0
86 795 0
86 823 0
86 872 0
87 109 0
87 297 0
87 443 0
87 485 0
87 741 0
87 855 0
87 928 0
88 299 0
88 341 0
88 583 0
88 885 0
89 471 0
89 591 0
89 711 0
89 729 0
90 334 0
90 435 0
90 497 0
90 510 0
90 595 0
90 870 0
91 121 0
91 153 0
91 261 0
91 428 0
91 499 0
91 639 0
91 836 0
92 178 0
92 586 0
92 643 0
92 753 0
92 816 0
93 269 0
93 638 0
93 923 0
94 370 0
94 891 0
94 984 0
95 146 0
95 205 0
95 218 0
95 224 0
95 303 0
95 335 0
95 382 0
95 435 0
95 633 0
95 677 0
96 149 0
96 266 0
96 312 0
96 322 0
96 390 0
96 776 0
96 932 0
96 969 0
97 116 0
97 249 0
97 269 0
97 327 0
97 361 0
97 389 0
97 476 0
97 872 0
98 110 0
98 219 0
98 437 0
98 763 0
98 988 0
99 386 0
99 404 0
99 504 0
99 670 0
99 850 0
99 874 0
100 125 0
100 350 0
100 517 0
100 671 0
101 285 0
101 290 0
101 526 0
101 567 0
101 592 0
101 850 0
102 193 0
102 390 0
102 403 0
102 454 0
102 502 0
102 646 0
102 781 0
102 932 0
102 952 0
103 136 0
103 151 0
103 276 0
103 693 0
103 931 0
104 438 0
104 444 0
104 506 0
104 568 0
104 731 0
104 766 0
104 881 0
104 902 0
105 137 0
105 185 0
105 687 0
105 748 0
105 962 0
106 193 0
106 222 0
106 618 0
106 722 0
106 743 0
107 169 0
107 337 0
107 510 0
107 693 0
107 884 0
108 346 0
108 475 0
108 811 0
108 861 0
108 978 0
109 334 0
109 339 0
109 577 0
109 655 0
109 660 0
109 998 0
110 226 0
110 417 0
110 442 0
110 557 0
110 697 0
110 979 0
111 161 0
111 197 0
111 201 0
111 349 0
111 364 0
111 397 0
111 451 0
111 605 0
111 641 0
111 653 0
111 676 0
111 721 0
112 143 0
112 249 0
112 260 0
112 389 0
112 598 0
112 681 0
112 828 0
112 954 0
113 783 0
113 891 0
113 931 0
114 119 0
114 331 0
114 465 0
114 495 0
114 510 0
114 512 0
114 728 0
114 793 0
114 943 0
114 988 0
115 239 0
115 384 0
115 395 0
115 648 0
115 972 0
116 385 0
116 453 0
116 559 0
116 851 0
116 944 0
116 985 0
117 135 0
117 282 0
117 429 0
117 702 0
117 737 0
117 749 0
117 765 0
117 811 0
117 838 0
118 277 0
118 430 0
118 481 0
118 847 0
118 990 0
119 358 0
119 485 0
119 577 0
119 676 0
119 948 0
120 304 0
120 577 0
120 797 0
121 158 0
121 198 0
121 578 0
121 608 0
121 945 0
121 980 0
122 361 0
122 426 0
122 484 0
122 504 0
122 581 0
122 632 0
122 762 0
122 817 0
122 834 0
122 953 0
123 238 0
123 278 0
123 302 0
123 323 0
123 427 0
123 504 0
123 559 0
123 568 0
123 664 0
123 671 0
123 675 0
123 723 0
123 841 0
123 943 0
123 962 0
124 716 0
124 816 0
125 216 0
125 275 0
125 484 0
125 568 0
125 588 0
125 629 0
125 762 0
126 498 0
126 864 0
127 170 0
127 285 0
127 368 0
127 441 0
127 460 0
127 510 0
127 552 0
127 555 0
127 630 0
127 639 0
127 664 0
127 768 0
127 774 0
127 882 0
127 898 0
127 935 0
127 963 0
127 971 0
128 216 0
128 462 0
128 679 0
128 859 0
128 872 0
129 262 0
129 290 0
129 703 0
130 444 0
130 489 0
130 531 0
130 735 0
130 843 0
130 857 0
130 880 0
130 939 0
130 997 0
131 487 0
131 620 0
131 756 0
131 766 0
131 838 0
131 913 0
131 920 0
131 967 0
132 250 0
132 252 0
132 514 0
132 642 0
132 934 0
133 228 0
133 237 0
133 333 0
133 508 0
133 558 0
133 846 0
133 861 0
134 276 0
134 321 0
134 407 0
134 484 0
134 641 0
134 690 0
135 294 0
135 483 0
135 590 0
135 620 0
135 709 0
136 352 0
136 384 0
136 550 0
136 582 0
136 668 0
137 169 0
137 276 0
137 282 0
137 337 0
137 341 0
137 444 0
137 879 0
137 958 0
138 140 0
138 229 0
138 269 0
138 568 0
138 672 0
138 969 0
139 257 0
139 310 0
139 389 0
139 405 0
139 435 0
139 745 0
140 237 0
140 266 0
140 402 0
140 418 0
140 488 0
140 694 0
140 714 0
141 220 0
141 244 0
141 329 0
141 534 0
141 842 0
141 897 0
141 899 0
142 390 0
142 763 0
142 778 0
142 883 0
142 998 0
143 181 0
143 188 0
143 215 0
143 227 0
143 306 0
143 511 0
143 561 0
143 620 0
143 882 0
144 221 0
144 803 0
144 966 0
145 166 0
145 210 0
145 240 0
145 313 0
145 348 0
145 575 0
145 704 0
145 793 0
146 182 0
146 310 0
146 377 0
146 411 0
146 499 0
146 507 0
146 685 0
146 687 0
146 783 0
146 827 0
146 936 0
147 206 0
147 640 0
147 932 0
147 960 0
148 207 0
148 230 0
148 505 0
148 561 0
148 639 0
148 688 0
148 960 0
149 465 0
149 658 0
149 672 0
149 808 0
149 856 0
149 866 0
150 252 0
150 423 0
150 632 0
150 723 0
150 853 0
150 890 0
150 933 0
150 953 0
150 970 0
151 252 0
151 283 0
151 321 0
151 353 0
151 614 0
151 683 0
151 774 0
152 183 0
152 364 0
152 410 0
152 446 0
152 466 0
152 605 0
152 615 0
152 742 0
152 902 0
153 190 0
153 201 0
153 418 0
153 553 0
153 603 0
153 832 0
153 952 0
153 986 0
154 251 0
154 291 0
154 354 0
154 372 0
154 735 0
154 753 0
154 895 0
154 966 0
155 234 0
155 242 0
155 248 0
155 261 0
155 647 0
155 739 0
155 874 0
156 433 0
156 587 0
156 744 0
156 751 0
156 759 0
157 197 0
157 281 0
157 292 0
157 492 0
157 561 0
157 608 0
157 731 0
157 903 0
158 163 0
158 358 0
158 399 0
158 711 0
158 735 0
158 770 0
158 808 0
158 986 0
159 341 0
159 373 0
159 469 0
159 539 0
159 622 0
159 634 0
159 683 0
159 783 0
159 816 0
160 279 0
160 368 0
160 390 0
160 594 0
160 672 0
160 850 0
160 956 0
161 259 0
161 276 0
161 809 0
161 898 0
161 903 0
162 270 0
162 340 0
162 345 0
162 854 0
162 875 0
163 173 0
163 615 0
163 861 0
163 883 0
163 978 0
163 982 0
164 351 0
164 404 0
164 589 0
164 612 0
164 667 0
164 767 0
164 917 0
164 976 0
165 255 0
165 654 0
165 750 0
165 767 0
165 785 0
165 969 0
166 172 0
166 311 0
166 363 0
166 496 0
166 520 0
166 634 0
166 694 0
166 732 0
166 876 0
166 939 0
167 177 0
167 405 0
167 416 0
167 493 0
167 525 0
167 570 0
167 762 0
167 903 0
167 969 0
168 176 0
168 180 0
168 434 0
168 460 0
168 570 0
168 584 0
168 613 0
168 660 0
168 672 0
168 772 0
168 794 0
168 831 0
168 863 0
168 869 0
169 573 0
169 602 0
169 695 0
169 819 0
169 869 0
170 202 0
170 271 0
170 311 0
170 373 0
170 509 0
170 872 0
170 910 0
171 199 0
171 331 0
171 531 0
171 694 0
171 811 0
171 922 0
172 565 0
172 684 0
173 600 0
173 683 0
173 731 0
173 868 0
174 308 0
174 551 0
174 762 0
174 782 0
175 301 0
175 346 0
175 350 0
175 478 0
175 641 0
175 659 0
175 679 0
175 856 0
175 958 0
176 430 0
176 587 0
176 646 0
176 828 0
177 299 0
177 672 0
177 714 0
177 860 0
177 952 0
178 213 0
178 308 0
178 433 0
178 488 0
178 531 0
178 606 0
178 614 0
178 652 0
178 653 0
178 790 0
179 236 0
179 318 0
179 513 0
179 564 0
179 798 0
179 864 0
180 212 0
180 402 0
180 784 0
180 804 0
180 886 0
181 354 0
181 464 0
181 472 0
181 548 0
181 573 0
181 586 0
181 752 0
181 769 0
181 781 0
182 324 0
182 370 0
182 490 0
182 552 0
182 800 0
182 880 0
182 932 0
182 977 0
183 237 0
183 252 0
183 277 0
183 352 0
183 371 0
183 398 0
183 489 0
183 542 0
183 588 0
183 604 0
183 605 0
183 655 0
183 768 0
183 836 0
184 266 0
184 558 0
184 741 0
184 742 0
184 743 0
185 288 0
185 484 0
185 561 0
185 808 0
185 876 0
185 959 0
186 426 0
186 487 0
186 760 0
186 774 0
186 818 0
186 854 0
186 894 0
186 898 0
186 971 0
187 292 0
187 320 0
187 322 0
187 442 0
187 604 0
187 916 0
187 926 0
187 929 0
187 964 0
187 970 0
188 334 0
188 483 0
188 704 0
188 764 0
188 777 0
188 936 0
189 247 0
189 432 0
189 525 0
189 529 0
189 719 0
189 805 0
189 874 0
189 895 0
189 933 0
190 266 0
190 693 0
190 739 0
190 818 0
191 335 0
191 375 0
191 700 0
191 784 0
191 842 0
192 243 0
192 316 0
192 428 0
192 549 0
192 560 0
192 565 0
192 571 0
192 730 0
192 740 0
192 805 0
192 878 0
192 887 0
193 456 0
193 725 0
194 255 0
194 292 0
194 380 0
194 440 0
194 763 0
194 804 0
194 835 0
195 355 0
195 529 0
195 760 0
195 922 0
195 960 0
196 223 0
196 230 0
196 403 0
196 870 0
196 931 0
197 309 0
197 313 0
197 396 0
197 417 0
197 596 0
197 979 0
198 214 0
198 463 0
198 741 0
199 275 0
199 277 0
199 305 0
199 335 0
199 348 0
199 541 0
199 938 0
199 958 0
199 962 0
200 254 0
200 313 0
200 454 0
200 469 0
200 676 0
200 955 0
201 375 0
201 385 0
201 397 0
201 407 0
201 546 0
201 671 0
201 803 0
201 836 0
201 840 0
202 223 0
202 235 0
202 317 0
202 341 0
202 487 0
202 649 0
202 733 0
202 851 0
202 923 0
203 231 0
203 264 0
203 631 0
203 925 0
203 957 0
204 361 0
204 479 0
205 366 0
205 413 0
205 668 0
205 706 0
205 738 0
205 792 0
205 949 0
205 990 0
206 301 0
206 391 0
206 495 0
206 925 0
207 486 0
207 499 0
207 506 0
207 618 0
207 660 0
207 846 0
207 913 0
207 926 0
208 325 0
208 576 0
208 767 0
208 870 0
208 940 0
209 320 0
209 327 0
209 447 0
209 457 0
209 521 0
209 528 0
210 237 0
210 391 0
210 409 0
210 453 0
210 482 0
210 490 0
210 774 0
211 213 0
211 275 0
211 328 0
211 491 0
211 555 0
211 560 0
211 616 0
211 724 0
211 738 0
211 821 0
211 842 0
211 996 0
212 230 0
212 239 0
212 464 0
212 659 0
212 975 0
213 592 0
213 736 0
214 229 0
214 559 0
214 564 0
214 565 0
214 650 0
214 981 0
215 217 0
215 297 0
215 331 0
215 523 0
215 553 0
215 823 0
215 827 0
215 849 0
216 244 0
216 347 0
216 383 0
216 489 0
216 781 0
216 783 0
216 826 0
216 983 0
217 252 0
217 267 0
217 518 0
217 593 0
217 595 0
217 779 0
217 789 0
217 827 0
217 861 0
217 896 0
218 363 0
218 587 0
218 820 0
219 222 0
219 261 0
219 462 0
219 469 0
219 498 0
219 652 0
219 734 0
219 751 0
219 790 0
219 954 0
220 529 0
220 582 0
220 655 0
220 715 0
220 776 0
221 270 0
221 274 0
221 667 0
221 794 0
222 277 0
222 360 0
222 363 0
222 415 0
222 730 0
222 770 0
222 818 0
223 440 0
223 468 0
223 563 0
223 573 0
223 752 0
223 800 0
223 940 0
223 997 0
224 256 0
224 309 0
224 517 0
224 524 0
224 542 0
224 597 0
224 736 0
224 805 0
225 411 0
225 629 0
225 688 0
225 710 0
225 945 0
225 962 0
226 286 0
226 363 0
226 702 0
226 713 0
226 843 0
226 864 0
227 468 0
227 624 0
227 673 0
228 300 0
228 355 0
228 463 0
228 672 0
228 677 0
228 849 0
229 491 0
229 502 0
229 627 0
229 796 0
229 815 0
229 977 0
230 278 0
230 329 0
230 428 0
230 756 0
231 395 0
231 490 0
231 537 0
231 549 0
231 564 0
231 625 0
231 643 0
231 967 0
232 252 0
232 315 0
232 341 0
232 389 0
232 659 0
232 675 0
232 734 0
232 785 0
232 845 0
233 413 0
233 536 0
233 743 0
233 925 0
233 954 0
234 292 0
234 491 0
234 528 0
234 562 0
234 577 0
234 719 0
234 735 0
234 812 0
235 246 0
235 259 0
235 449 0
235 810 0
235 837 0
235 856 0
235 910 0
236 266 0
236 344 0
236 444 0
236 494 0
236 603 0
236 615 0
236 705 0
236 710 0
236 825 0
236 964 0
237 509 0
237 635 0
237 832 0
237 914 0
237 958 0
238 310 0
238 325 0
238 522 0
238 574 0
238 824 0
238 923 0
239 292 0
239 295 0
239 316 0
239 598 0
239 626 0
239 844 0
239 945 0
240 279 0
240 283 0
240 472 0
240 570 0
240 580 0
240 643 0
240 829 0
240 998 0
241 438 0
241 516 0
241 553 0
241 840 0
241 933 0
242 244 0
242 297 0
242 345 0
242 383 0
242 390 0
242 616 0
242 642 0
242 672 0
242 788 0
242 972 0
243 262 0
243 379 0
243 394 0
243 534 0
243 886 0
243 914 0
243 915 0
244 266 0
244 318 0
244 369 0
244 417 0
244 583 0
244 857 0
245 293 0
245 511 0
245 900 0
246 362 0
246 381 0
246 400 0
246 745 0
246 816 0
246 831 0
246 866 0
246 910 0
247 264 0
247 543 0
247 721 0
247 807 0
247 809 0
247 859 0
247 889 0
247 915 0
248 545 0
248 782 0
248 808 0
248 902 0
249 400 0
249 510 0
249 624 0
249 907 0
249 908 0
250 429 0
250 550 0
250 758 0
250 794 0
250 834 0
250 858 0
251 252 0
251 591 0
251 717 0
251 834 0
251 928 0
252 335 0
252 379 0
252 487 0
252 539 0
252 699 0
252 869 0
253 434 0
253 441 0
253 442 0
253 595 0
253 787 0
253 813 0
253 839 0
253 871 0
253 928 0
253 967 0
254 661 0
254 748 0
254 783 0
254 810 0
254 821 0
254 870 0
255 290 0
255 392 0
255 499 0
255 612 0
255 705 0
255 930 0
256 263 0
256 798 0
256 817 0
257 318 0
257 603 0
257 699 0
257 734 0
257 799 0
257 847 0
258 299 0
258 314 0
258 344 0
258 348 0
258 397 0
258 453 0
258 508 0
258 633 0
258 911 0
258 936 0
258 987 0
259 569 0
259 592 0
259 688 0
259 786 0
259 902 0
259 928 0
259 972 0
260 275 0
260 414 0
260 491 0
260 521 0
260 822 0
260 838 0
260 978 0
261 330 0
261 351 0
261 463 0
261 585 0
261 626 0
261 667 0
261 825 0
261 950 0
262 268 0
262 337 0
262 477 0
262 569 0
262 678 0
263 423 0
263 479 0
263 502 0
263 538 0
264 603 0
264 694 0
264 696 0
264 732 0
264 831 0
264 892 0
264 900 0
265 715 0
265 932 0
265 947 0
266 547 0
266 703 0
266 843 0
267 659 0
267 766 0
267 781 0
268 292 0
268 310 0
268 403 0
268 615 0
268 643 0
268 648 0
268 813 0
268 897 0
268 966 0
269 373 0
269 458 0
269 600 0
269 719 0
269 747 0
269 851 0
270 419 0
270 428 0
270 668 0
270 942 0
270 968 0
271 504 0
271 577 0
271 627 0
271 739 0
272 394 0
272 487 0
272 555 0
272 569 0
272 610 0
273 302 0
273 343 0
273 427 0
273 432 0
273 435 0
273 475 0
273 511 0
273 705 0
273 860 0
273 918 0
273 980 0
274 325 0
274 413 0
274 537 0
274 681 0
274 738 0
274 781 0
274 831 0
274 851 0
274 861 0
275 319 0
275 376 0
275 486 0
275 487 0
275 638 0
275 775 0
275 946 0
276 329 0
276 342 0
276 617 0
276 828 0
276 868 0
277 302 0
277 564 0
277 664 0
277 689 0
277 836 0
277 871 0
278 397 0
278 493 0
278 551 0
278 692 0
279 373 0
279 562 0
279 644 0
279 663 0
279 732 0
279 747 0
279 785 0
279 800 0
279 824 0
279 874 0
279 886 0
279 982 0
280 430 0
280 604 0
280 837 0
280 907 0
280 917 0
281 313 0
281 352 0
281 364 0
281 567 0
281 678 0
281 792 0
281 829 0
282 313 0
282 410 0
282 525 0
282 639 0
282 648 0
282 660 0
282 871 0
282 874 0
283 306 0
283 355 0
283 439 0
283 551 0
283 631 0
283 741 0
283 795 0
283 904 0
283 933 0
284 356 0
284 417 0
284 439 0
284 534 0
284 542 0
284 660 0
284 808 0
285 323 0
285 365 0
285 421 0
285 481 0
285 559 0
285 575 0
286 398 0
286 457 0
286 503 0
286 813 0
286 993 0
287 409 0
287 454 0
287 595 0
287 621 0
287 728 0
287 754 0
287 901 0
287 923 0
287 964 0
288 291 0
288 389 0
288 429 0
288 579 0
288 611 0
288 793 0
288 868 0
288 909 0
288 934 0
289 341 0
289 399 0
289 475 0
289 532 0
289 601 0
289 687 0
289 736 0
289 743 0
289 908 0
289 985 0
290 386 0
290 413 0
290 682 0
290 724 0
290 789 0
290 940 0
291 338 0
291 454 0
291 495 0
291 504 0
291 547 0
291 637 0
291 702 0
291 881 0
291 901 0
292 377 0
292 382 0
292 471 0
292 472 0
292 542 0
292 614 0
292 875 0
293 435 0
293 442 0
293 446 0
293 630 0
293 670 0
293 730 0
294 487 0
294 931 0
295 378 0
295 646 0
295 786 0
295 892 0
296 318 0
296 592 0
296 956 0
297 490 0
297 937 0
298 330 0
298 422 0
298 673 0
299 412 0
299 456 0
299 649 0
299 673 0
299 744 0
299 749 0
299 772 0
299 986 0
300 740 0
300 742 0
300 792 0
300 836 0
300 843 0
300 861 0
301 355 0
301 375 0
301 576 0
301 619 0
301 669 0
301 694 0
301 803 0
301 993 0
302 430 0
302 538 0
302 554 0
302 558 0
302 624 0
302 711 0
302 722 0
303 368 0
303 511 0
303 593 0
303 655 0
303 754 0
304 434 0
304 435 0
304 470 0
304 562 0
304 577 0
304 726 0
304 798 0
304 850 0
304 999 0
305 310 0
305 379 0
305 399 0
305 924 0
305 996 0
306 353 0
306 427 0
306 477 0
306 550 0
306 768 0
306 917 0
307 464 0
307 654 0
307 700 0
307 710 0
307 720 0
308 672 0
308 757 0
308 848 0
309 406 0
309 540 0
309 823 0
309 996 0
310 463 0
310 964 0
310 968 0
311 337 0
311 345 0
311 560 0
311 732 0
311 848 0
311 968 0
312 592 0
312 641 0
312 789 0
312 861 0
312 987 0
313 400 0
313 401 0
313 535 0
313 566 0
313 637 0
313 754 0
313 860 0
314 362 0
314 395 0
314 523 0
314 654 0
314 830 0
315 367 0
315 393 0
315 519 0
315 564 0
315 674 0
315 710 0
315 786 0
315 921 0
316 403 0
316 566 0
316 800 0
316 951 0
317 372 0
317 431 0
317 449 0
317 495 0
317 934 0
318 319 0
318 408 0
318 478 0
318 767 0
318 861 0
318 898 0
318 918 0
319 490 0
319 510 0
319 512 0
319 550 0
319 832 0
319 878 0
320 360 0
320 382 0
320 418 0
320 427 0
320 518 0
320 565 0
320 655 0
320 720 0
320 756 0
320 882 0
320 885 0
321 451 0
321 695 0
321 769 0
321 776 0
321 851 0
321 876 0
322 355 0
322 448 0
322 588 0
323 381 0
323 504 0
323 517 0
323 721 0
324 341 0
324 495 0
324 817 0
324 926 0
324 993 0
325 451 0
325 456 0
325 471 0
325 561 0
325 812 0
325 832 0
325 881 0
326 345 0
326 610 0
326 658 0
326 667 0
326 723 0
326 805 0
326 843 0
326 858 0
326 896 0
327 373 0
327 439 0
327 460 0
327 607 0
328 366 0
328 556 0
328 658 0
328 692 0
328 742 0
328 878 0
328 966 0
329 456 0
329 638 0
329 718 0
329 812 0
329 937 0
330 408 0
330 603 0
330 866 0
331 355 0
331 414 0
331 572 0
331 631 0
331 713 0
331 896 0
331 906 0
331 988 0
332 375 0
332 646 0
332 716 0
332 828 0
332 947 0
333 410 0
333 484 0
333 585 0
333 675 0
333 743 0
333 790 0
333 874 0
333 893 0
333 959 0
334 973 0
335 409 0
335 427 0
335 527 0
335 743 0
335 920 0
335 934 0
335 957 0
336 393 0
336 468 0
336 520 0
336 576 0
336 654 0
337 537 0
337 682 0
337 709 0
337 738 0
337 807 0
337 913 0
337 936 0
338 616 0
338 701 0
338 734 0
338 896 0
338 900 0
339 454 0
339 548 0
339 736 0
339 795 0
339 893 0
339 900 0
340 461 0
340 496 0
340 522 0
340 620 0
340 630 0
340 632 0
340 648 0
340 654 0
340 663 0
340 686 0
340 822 0
340 983 0
341 400 0
341 402 0
341 521 0
341 547 0
341 561 0
341 683 0
341 734 0
341 810 0
341 872 0
342 374 0
342 382 0
342 483 0
342 948 0
343 527 0
343 566 0
343 665 0
343 698 0
343 759 0
343 811 0
343 959 0
343 978 0
344 374 0
344 399 0
344 417 0
344 640 0
345 399 0
345 488 0
345 569 0
345 588 0
345 644 0
345 661 0
345 680 0
345 728 0
345 958 0
346 441 0
346 759 0
346 804 0
346 822 0
347 428 0
347 454 0
347 521 0
347 970 0
347 991 0
348 473 0
348 500 0
348 513 0
348 796 0
349 643 0
349 715 0
349 748 0
350 405 0
350 524 0
350 688 0
350 697 0
350 807 0
350 851 0
351 678 0
351 767 0
351 811 0
351 843 0
352 410 0
352 553 0
352 636 0
352 643 0
352 851 0
352 950 0
353 363 0
353 414 0
353 548 0
353 776 0
353 812 0
353 880 0
353 911 0
353 925 0
354 534 0
354 599 0
354 748 0
354 915 0
355 398 0
355 534 0
355 702 0
355 724 0
355 766 0
355 877 0
355 954 0
356 406 0
356 461 0
356 647 0
356 858 0
357 420 0
357 743 0
357 912 0
357 972 0
358 656 0
358 770 0
358 774 0
358 816 0
358 846 0
359 444 0
359 492 0
359 583 0
359 678 0
359 764 0
360 597 0
360 772 0
360 776 0
360 901 0
360 957 0
360 980 0
361 810 0
362 510 0
362 634 0
362 732 0
362 783 0
362 968 0
362 976 0
363 417 0
363 443 0
363 458 0
363 536 0
363 735 0
363 776 0
364 451 0
364 477 0
364 544 0
364 721 0
364 781 0
364 983 0
365 480 0
365 596 0
365 708 0
365 808 0
365 867 0
365 978 0
365 995 0
366 425 0
366 465 0
366 651 0
366 800 0
366 872 0
367 376 0
367 380 0
367 431 0
367 453 0
367 825 0
368 424 0
368 679 0
368 737 0
368 752 0
368 946 0
368 954 0
368 986 0
368 996 0
369 445 0
369 448 0
369 552 0
369 567 0
369 658 0
369 712 0
369 781 0
369 867 0
369 930 0
370 375 0
370 411 0
370 715 0
370 722 0
370 875 0
371 894 0
372 500 0
372 730 0
372 887 0
372 927 0
373 433 0
373 614 0
373 748 0
373 786 0
374 502 0
374 526 0
374 714 0
374 734 0
374 759 0
374 831 0
374 964 0
375 570 0
375 772 0
375 965 0
376 407 0
376 461 0
376 605 0
376 607 0
376 943 0
376 966 0
377 527 0
377 614 0
377 847 0
377 900 0
378 666 0
378 765 0
378 990 0
379 832 0
380 587 0
380 727 0
380 870 0
380 990 0
381 433 0
381 484 0
381 764 0
381 999 0
382 739 0
382 763 0
382 882 0
383 435 0
384 459 0
384 614 0
384 875 0
384 913 0
385 521 0
385 562 0
385 625 0
385 681 0
385 928 0
386 389 0
386 433 0
386 553 0
386 628 0
386 686 0
386 815 0
387 505 0
387 579 0
387 818 0
388 432 0
388 461 0
388 751 0
388 785 0
389 483 0
390 431 0
390 680 0
390 718 0
391 554 0
391 694 0
391 699 0
391 812 0
391 891 0
391 918 0
391 944 0
392 554 0
392 620 0
392 655 0
392 657 0
392 769 0
392 825 0
392 938 0
392 951 0
392 970 0
393 591 0
393 645 0
393 679 0
393 688 0
393 722 0
394 581 0
394 599 0
394 620 0
394 636 0
396 464 0
396 716 0
396 865 0
397 416 0
397 496 0
397 535 0
397 573 0
397 628 0
397 655 0
397 923 0
398 466 0
398 534 0
398 626 0
398 747 0
398 857 0
399 414 0
399 603 0
399 617 0
399 855 0
399 984 0
400 536 0
400 813 0
401 427 0
401 545 0
401 553 0
401 981 0
402 411 0
402 494 0
402 799 0
403 480 0
403 962 0
403 989 0
404 539 0
404 589 0
404 991 0
405 508 0
405 571 0
405 666 0
405 719 0
405 738 0
405 757 0
405 771 0
405 978 0
406 518 0
406 530 0
406 563 0
406 587 0
406 723 0
406 785 0
406 885 0
407 430 0
407 485 0
407 609 0
408 550 0
408 663 0
408 770 0
408 804 0
408 974 0
409 636 0
409 637 0
409 844 0
409 957 0
410 444 0
410 488 0
410 499 0
410 871 0
410 939 0
410 968 0
410 983 0
411 480 0
411 496 0
411 514 0
411 560 0
411 634 0
411 701 0
411 719 0
411 830 0
411 958 0
412 445 0
412 520 0
412 672 0
412 777 0
412 832 0
412 900 0
413 415 0
413 428 0
413 439 0
413 448 0
413 822 0
413 840 0
413 994 0
414 479 0
414 628 0
414 941 0
415 527 0
415 850 0
415 908 0
416 545 0
416 586 0
416 665 0
416 781 0
416 895 0
416 918 0
416 935 0
417 516 0
417 560 0
417 660 0
417 708 0
417 812 0
417 846 0
417 847 0
417 897 0
418 432 0
418 572 0
418 619 0
418 650 0
418 730 0
418 990 0
419 478 0
419 504 0
419 691 0
419 779 0
419 866 0
419 978 0
420 446 0
420 732 0
420 835 0
420 920 0
421 448 0
421 459 0
421 627 0
423 538 0
423 776 0
423 869 0
423 968 0
424 431 0
424 468 0
424 519 0
424 620 0
424 704 0
424 751 0
425 571 0
425 575 0
425 751 0
425 832 0
425 869 0
425 874 0
425 928 0
425 998 0
426 585 0
426 657 0
426 898 0
426 921 0
426 987 0
427 592 0
427 671 0
427 673 0
427 805 0
427 906 0
427 924 0
428 777 0
429 476 0
429 529 0
429 682 0
429 777 0
429 892 0
430 736 0
430 740 0
430 752 0
430 930 0
431 517 0
431 664 0
431 967 0
432 449 0
433 626 0
434 595 0
434 741 0
434 769 0
434 815 0
435 575 0
435 718 0
435 786 0
435 895 0
435 937 0
435 941 0
435 975 0
436 510 0
436 655 0
436 993 0
437 515 0
437 741 0
437 796 0
437 871 0
437 886 0
438 448 0
438 466 0
438 683 0
440 666 0
440 705 0
440 769 0
440 975 0
441 448 0
441 519 0
441 579 0
442 624 0
442 641 0
442 663 0
443 525 0
443 595 0
443 693 0
443 709 0
443 718 0
444 854 0
444 893 0
445 543 0
445 549 0
445 890 0
445 903 0
446 850 0
446 964 0
447 650 0
447 716 0
447 780 0
448 460 0
448 574 0
448 881 0
448 912 0
449 466 0
449 638 0
449 776 0
450 459 0
450 463 0
450 549 0
450 580 0
451 453 0
451 648 0
451 893 0
451 978 0
452 539 0
452 710 0
452 753 0
452 841 0
453 626 0
453 824 0
453 845 0
454 680 0
454 681 0
454 704 0
454 761 0
454 797 0
454 815 0
454 842 0
454 894 0
455 577 0
455 600 0
455 688 0
455 779 0
455 882 0
456 740 0
456 908 0
456 917 0
457 780 0
457 838 0
458 519 0
458 527 0
458 604 0
458 687 0
458 866 0
459 553 0
459 561 0
459 757 0
459 829 0
459 843 0
460 475 0
460 659 0
460 906 0
460 972 0
460 995 0
461 481 0
461 599 0
461 835 0
461 888 0
462 738 0
462 806 0
462 924 0
463 540 0
463 581 0
463 677 0
463 770 0
463 887 0
463 896 0
463 937 0
463 973 0
464 526 0
464 640 0
464 810 0
465 543 0
465 579 0
465 840 0
465 871 0
466 472 0
466 549 0
466 595 0
466 951 0
467 590 0
467 732 0
468 487 0
468 501 0
468 601 0
468 649 0
468 679 0
468 763 0
468 860 0
469 618 0
469 702 0
469 704 0
469 840 0
469 958 0
469 969 0
470 503 0
470 769 0
470 939 0
471 600 0
471 760 0
471 778 0
471 821 0
471 991 0
472 479 0
472 529 0
472 536 0
472 539 0
472 573 0
472 738 0
472 781 0
472 803 0
472 839 0
472 972 0
473 495 0
473 535 0
473 674 0
473 709 0
473 756 0
473 963 0
474 595 0
474 608 0
474 617 0
474 638 0
474 856 0
475 551 0
475 552 0
475 601 0
475 668 0
475 757 0
475 804 0
475 819 0
476 621 0
476 702 0
476 786 0
476 933 0
476 957 0
477 563 0
477 707 0
477 887 0
478 491 0
478 588 0
478 691 0
478 770 0
478 910 0
478 937 0
479 753 0
479 954 0
480 504 0
480 513 0
480 516 0
480 556 0
480 582 0
480 652 0
480 688 0
480 815 0
480 818 0
480 900 0
480 943 0
481 715 0
481 929 0
482 567 0
482 635 0
482 705 0
482 787 0
482 822 0
482 866 0
482 939 0
483 560 0
483 579 0
483 766 0
483 833 0
483 934 0
483 953 0
484 517 0
484 563 0
484 650 0
484 661 0
484 753 0
484 909 0
485 661 0
485 716 0
485 807 0
486 530 0
486 731 0
486 985 0
487 658 0
487 672 0
487 850 0
487 956 0
488 671 0
488 744 0
488 858 0
488 988 0
489 497 0
489 605 0
489 880 0
489 891 0
490 557 0
490 662 0
490 773 0
490 774 0
491 605 0
491 748 0
492 799 0
492 817 0
492 982 0
492 995 0
493 778 0
494 708 0
494 762 0
494 963 0
495 568 0
495 602 0
495 661 0
495 699 0
495 941 0
495 960 0
496 927 0
497 677 0
497 779 0
498 693 0
498 719 0
498 801 0
498 955 0
499 593 0
499 667 0
499 792 0
499 998 0
500 629 0
500 867 0
500 988 0
501 621 0
501 646 0
501 729 0
501 825 0
501 904 0
501 954 0
501 959 0
502 532 0
502 701 0
502 903 0
502 909 0
502 988 0
503 733 0
503 754 0
503 771 0
503 784 0
503 812 0
503 867 0
503 945 0
504 638 0
505 516 0
505 813 0
505 895 0
505 958 0
505 985 0
506 768 0
506 884 0
506 890 0
507 603 0
507 705 0
507 784 0
507 918 0
507 949 0
508 548 0
508 807 0
508 889 0
508 892 0
508 894 0
508 985 0
509 780 0
509 892 0
510 655 0
510 765 0
510 814 0
510 819 0
510 829 0
510 850 0
510 958 0
511 749 0
511 804 0
511 848 0
512 520 0
512 708 0
512 782 0
512 886 0
512 913 0
512 919 0
513 962 0
514 546 0
514 630 0
514 867 0
514 961 0
515 570 0
515 740 0
515 783 0
515 959 0
516 567 0
516 610 0
516 763 0
516 869 0
517 598 0
517 610 0
517 726 0
517 770 0
518 565 0
518 596 0
519 644 0
519 677 0
519 724 0
519 802 0
519 865 0
520 657 0
520 758 0
520 943 0
520 968 0
521 889 0
521 919 0
522 679 0
522 820 0
522 842 0
522 845 0
522 882 0
522 962 0
523 535 0
523 537 0
523 735 0
523 817 0
523 973 0
524 613 0
524 767 0
525 536 0
525 599 0
525 756 0
525 793 0
525 840 0
526 539 0
526 563 0
526 662 0
526 865 0
527 647 0
528 654 0
528 757 0
528 769 0
529 649 0
529 696 0
529 747 0
529 852 0
529 871 0
529 905 0
530 823 0
530 851 0
530 979 0
531 555 0
531 571 0
531 828 0
531 840 0
531 888 0
532 712 0
532 896 0
532 933 0
533 534 0
533 666 0
533 669 0
533 783 0
533 793 0
533 870 0
533 906 0
533 949 0
534 587 0
534 621 0
534 632 0
535 618 0
535 673 0
535 872 0
535 885 0
536 581 0
536 752 0
536 777 0
536 885 0
536 936 0
537 638 0
537 650 0
537 741 0
537 985 0
537 996 0
538 794 0
538 930 0
539 595 0
539 683 0
539 692 0
539 709 0
539 724 0
539 827 0
539 844 0
539 854 0
539 910 0
539 912 0
540 576 0
540 698 0
540 862 0
540 881 0
541 643 0
541 669 0
541 858 0
542 564 0
542 587 0
542 647 0
542 799 0
543 572 0
543 786 0
543 791 0
543 872 0
544 629 0
544 655 0
544 749 0
544 840 0
544 927 0
545 803 0
546 582 0
546 723 0
547 683 0
547 994 0
547 995 0
548 719 0
548 771 0
548 821 0
548 832 0
548 859 0
548 883 0
549 641 0
549 746 0
549 879 0
549 973 0
550 788 0
550 856 0
551 560 0
551 618 0
551 642 0
551 704 0
551 752 0
551 903 0
552 562 0
552 921 0
552 999 0
553 667 0
553 802 0
553 884 0
553 942 0
553 982 0
554 581 0
554 677 0
554 796 0
554 953 0
554 994 0
555 584 0
555 672 0
555 709 0
556 645 0
556 646 0
556 962 0
557 727 0
557 902 0
557 985 0
557 990 0
558 793 0
559 742 0
559 752 0
559 776 0
559 826 0
560 724 0
560 845 0
560 882 0
560 919 0
560 927 0
560 988 0
561 576 0
561 621 0
561 700 0
561 726 0
561 728 0
561 801 0
561 830 0
561 873 0
561 941 0
562 654 0
562 781 0
562 879 0
562 888 0
562 941 0
562 987 0
563 579 0
563 823 0
563 999 0
564 913 0
564 988 0
564 997 0
565 592 0
565 652 0
566 824 0
566 850 0
566 863 0
566 899 0
566 937 0
566 954 0
567 774 0
567 874 0
567 907 0
568 899 0
569 942 0
570 617 0
570 636 0
570 671 0
570 697 0
570 815 0
570 878 0
570 993 0
571 595 0
572 701 0
572 850 0
572 909 0
573 678 0
573 932 0
574 597 0
574 781 0
574 939 0
574 947 0
576 612 0
576 654 0
576 701 0
576 832 0
577 619 0
577 979 0
578 614 0
578 701 0
578 995 0
579 635 0
580 717 0
580 762 0
580 932 0
581 643 0
581 979 0
582 775 0
583 656 0
583 702 0
583 796 0
583 991 0
584 651 0
584 672 0
584 738 0
584 769 0
584 774 0
584 803 0
584 950 0
585 665 0
586 991 0
587 605 0
587 669 0
587 698 0
587 911 0
588 738 0
588 935 0
589 756 0
589 878 0
590 882 0
590 934 0
591 633 0
591 784 0
592 680 0
593 784 0
593 796 0
594 709 0
594 745 0
594 970 0
594 980 0
594 987 0
595 638 0
596 693 0
596 727 0
596 737 0
596 976 0
597 678 0
597 791 0
598 705 0
598 721 0
598 737 0
598 846 0
598 955 0
599 732 0
599 870 0
599 901 0
599 967 0
600 612 0
600 968 0
601 686 0
601 862 0
601 950 0
602 781 0
603 678 0
603 940 0
604 645 0
604 770 0
604 946 0
605 814 0
606 692 0
606 765 0
607 702 0
607 824 0
607 913 0
608 627 0
608 718 0
608 781 0
608 922 0
609 717 0
610 619 0
610 652 0
610 732 0
610 834 0
610 862 0
610 945 0
610 953 0
610 988 0
611 713 0
611 979 0
612 656 0
612 684 0
612 953 0
612 991 0
612 997 0
613 694 0
613 833 0
613 834 0
613 968 0
614 674 0
614 829 0
614 958 0
614 991 0
615 701 0
616 634 0
616 971 0
617 663 0
618 782 0
618 828 0
619 630 0
619 684 0
619 738 0
620 798 0
620 973 0
621 696 0
621 711 0
621 751 0
621 833 0
621 836 0
621 882 0
621 938 0
622 963 0
623 677 0
624 939 0
624 944 0
624 974 0
625 647 0
625 967 0
626 842 0
626 914 0
626 920 0
627 630 0
627 633 0
627 642 0
627 720 0
627 731 0
627 906 0
628 923 0
628 947 0
628 966 0
628 974 0
629 737 0
629 751 0
630 790 0
630 817 0
630 880 0
630 901 0
630 988 0
632 824 0
633 730 0
633 867 0
634 731 0
634 792 0
634 855 0
634 918 0
635 944 0
635 991 0
636 748 0
636 799 0
636 800 0
636 866 0
637 955 0
638 762 0
638 807 0
638 848 0
638 961 0
639 865 0
639 926 0
640 768 0
641 790 0
641 934 0
642 691 0
642 714 0
642 752 0
642 813 0
642 855 0
643 689 0
643 805 0
644 920 0
645 649 0
645 753 0
645 785 0
646 699 0
646 828 0
647 972 0
648 878 0
649 751 0
649 872 0
649 935 0
650 683 0
650 759 0
650 815 0
650 857 0
652 678 0
652 714 0
652 907 0
653 807 0
653 881 0
654 660 0
654 667 0
654 812 0
654 871 0
655 762 0
655 790 0
655 855 0
655 935 0
656 691 0
656 901 0
656 933 0
657 959 0
658 688 0
658 825 0
659 863 0
659 886 0
659 982 0
661 852 0
661 874 0
662 820 0
662 926 0
662 967 0
663 779 0
664 928 0
666 797 0
666 864 0
666 870 0
666 962 0
667 686 0
667 978 0
668 687 0
668 688 0
668 810 0
668 824 0
668 861 0
668 876 0
668 878 0
669 787 0
669 826 0
669 833 0
670 758 0
670 925 0
671 736 0
671 807 0
671 915 0
671 991 0
672 728 0
672 899 0
672 940 0
673 719 0
673 768 0
673 898 0
674 899 0
675 834 0
676 683 0
676 707 0
676 721 0
676 749 0
676 892 0
676 967 0
677 858 0
679 693 0
679 786 0
680 726 0
680 845 0
680 869 0
681 745 0
681 903 0
682 720 0
682 960 0
683 783 0
683 901 0
683 926 0
683 985 0
683 994 0
684 767 0
684 808 0
684 838 0
684 937 0
685 699 0
685 758 0
685 811 0
685 846 0
685 912 0
685 973 0
687 716 0
687 776 0
687 796 0
687 807 0
687 929 0
688 774 0
689 732 0
689 769 0
690 777 0
691 794 0
691 815 0
691 829 0
692 844 0
692 992 0
693 776 0
695 696 0
695 771 0
695 895 0
695 992 0
696 766 0
697 875 0
698 701 0
698 788 0
699 708 0
699 762 0
699 822 0
699 857 0
699 963 0
700 985 0
701 778 0
701 940 0
701 946 0
702 782 0
702 940 0
703 847 0
704 759 0
705 833 0
705 874 0
705 920 0
706 746 0
708 756 0
708 951 0
709 861 0
709 885 0
709 976 0
710 830 0
710 863 0
710 874 0
710 915 0
711 856 0
713 769 0
713 856 0
713 982 0
714 797 0
714 878 0
717 742 0
717 811 0
717 942 0
717 947 0
718 789 0
719 840 0
719 910 0
719 979 0
720 762 0
720 769 0
720 776 0
720 805 0
720 832 0
720 997 0
721 867 0
722 811 0
722 917 0
722 983 0
723 766 0
723 803 0
723 991 0
724 753 0
725 779 0
725 868 0
725 928 0
726 866 0
727 751 0
727 790 0
727 862 0
727 958 0
728 761 0
728 921 0
729 733 0
729 760 0
729 781 0
730 740 0
731 877 0
731 913 0
733 969 0
734 771 0
734 839 0
734 997 0
735 761 0
735 765 0
735 766 0
735 773 0
735 807 0
735 866 0
735 917 0
736 756 0
736 771 0
736 786 0
737 782 0
738 835 0
739 786 0
740 754 0
740 855 0
740 916 0
742 797 0
742 814 0
742 912 0
744 763 0
744 765 0
744 812 0
744 829 0
745 856 0
745 957 0
746 872 0
746 881 0
747 872 0
749 959 0
750 930 0
750 963 0
751 901 0
752 891 0
752 928 0
753 893 0
753 946 0
754 977 0
755 788 0
755 816 0
755 828 0
755 859 0
756 878 0
757 875 0
757 944 0
758 881 0
759 776 0
759 796 0
759 840 0
760 932 0
761 835 0
761 891 0
763 795 0
763 854 0
764 780 0
764 781 0
764 864 0
764 901 0
764 991 0
765 803 0
765 865 0
765 928 0
766 846 0
766 917 0
767 833 0
767 905 0
767 967 0
768 843 0
769 803 0
769 845 0
769 985 0
770 905 0
770 926 0
773 797 0
773 953 0
773 964 0
774 829 0
775 844 0
776 788 0
776 903 0
777 838 0
777 875 0
777 916 0
778 807 0
778 908 0
778 920 0
778 933 0
779 876 0
780 879 0
781 810 0
782 863 0
784 905 0
784 919 0
784 928 0
786 793 0
786 809 0
786 824 0
787 977 0
788 843 0
788 852 0
789 861 0
789 868 0
789 936 0
790 969 0
791 930 0
792 930 0
793 809 0
793 865 0
793 978 0
796 885 0
796 895 0
797 922 0
798 817 0
798 846 0
798 926 0
798 982 0
800 894 0
800 911 0
801 884 0
801 947 0
801 982 0
802 866 0
802 874 0
806 906 0
806 960 0
807 978 0
808 810 0
808 995 0
808 997 0
809 875 0
809 981 0
809 987 0
810 838 0
810 977 0
812 950 0
812 971 0
812 974 0
813 937 0
814 955 0
814 970 0
814 987 0
815 880 0
815 984 0
816 824 0
818 952 0
818 984 0
819 964 0
820 821 0
820 842 0
821 948 0
822 990 0
823 911 0
824 898 0
825 875 0
827 996 0
828 842 0
828 928 0
829 839 0
829 920 0
830 872 0
830 970 0
830 996 0
831 902 0
831 917 0
832 973 0
834 876 0
834 901 0
834 960 0
835 864 0
836 853 0
837 844 0
837 943 0
839 951 0
839 953 0
839 992 0
842 865 0
842 893 0
845 862 0
847 855 0
847 891 0
848 886 0
851 911 0
852 927 0
854 882 0
856 857 0
856 893 0
856 963 0
860 894 0
860 921 0
861 870 0
861 976 0
861 981 0
862 900 0
862 942 0
863 877 0
863 906 0
864 868 0
865 957 0
867 938 0
868 912 0
870 959 0
870 981 0
871 975 0
872 887 0
872 902 0
873 904 0
873 969 0
874 889 0
875 976 0
876 935 0
876 987 0
877 898 0
878 898 0
878 901 0
878 908 0
881 913 0
882 942 0
883 889 0
884 968 0
885 976 0
886 967 0
887 982 0
889 915 0
889 917 0
890 916 0
893 912 0
893 921 0
894 941 0
894 982 0
897 948 0
900 959 0
901 948 0
902 974 0
904 939 0
906 994 0
907 992 0
910 923 0
910 967 0
911 941 0
911 980 0
911 985 0
914 968 0
918 941 0
920 943 0
923 927 0
924 970 0
924 988 0
924 996 0
925 954 0
927 957 0
931 932 0
935 988 0
938 967 0
942 945 0
947 982 0
949 951 0
950 987 0
952 985 0
954 984 0
955 980 0
959 987 0
964 986 0
966 982 0
972 977 0
988 996 0
