0 309 1
0 321 0
0 489 13
0 675 -3
0 713 -5
0 810 17
0 823 -20
0 871 -12
0 979 19
1 107 -17
1 128 -9
1 158 1
1 288 20
1 336 8
1 740 0
1 869 17
1 882 17
2 44 -18
2 113 19
2 276 7
2 381 -6
2 793 -19
2 983 14
3 203 -14
3 326 16
3 346 -16
3 542 1
3 587 17
3 590 14
3 643 12
3 835 2
3 852 -20
3 891 17
3 950 -12
4 79 -15
4 141 4
4 152 7
4 167 -10
4 308 4
4 695 0
4 722 -10
5 42 8
5 97 16
5 219 -10
5 375 10
5 479 -2
5 638 11
5 690 -17
5 694 14
6 293 -9
6 300 -14
6 552 -5
6 679 8
6 685 15
6 861 -14
6 893 -2
6 936 15
6 964 10
6 966 17
7 69 -15
7 150 11
7 214 -14
7 236 16
7 287 15
7 602 -16
7 653 -9
7 922 -17
7 934 16
7 986 5
7 997 19
8 207 -5
8 235 6
8 360 12
8 585 8
8 656 1
8 689 -8
8 717 11
8 742 -9
8 848 -19
8 957 10
9 224 14
9 270 -20
9 603 0
9 961 14
10 112 -17
10 125 3
10 239 20
10 272 16
10 340 -13
10 405 -13
10 447 -15
10 737 14
10 757 8
10 785 10
11 14 -13
11 17 8
11 124 -16
11 229 -17
11 318 -6
11 573 8
11 652 3
11 996 0
12 122 -13
12 204 -1
12 259 4
12 399 -18
12 503 5
12 505 10
12 544 17
12 779 20
12 811 -1
12 845 -4
12 869 -6
12 949 -12
13 118 7
13 307 -16
13 679 -8
14 89 3
14 185 7
14 318 -14
14 373 17
14 376 7
14 636 17
14 642 -17
14 778 -12
14 992 -2
15 179 -13
15 282 19
15 464 11
15 491 -3
15 617 -8
15 806 9
15 869 -19
16 241 4
16 293 -2
16 355 5
16 447 14
16 667 20
16 691 4
16 819 11
16 866 5
17 257 -20
17 957 13
17 969 -5
18 49 20
18 52 -8
18 160 4
18 352 -12
18 438 -17
18 496 -1
18 664 -1
18 735 3
18 784 2
18 901 -3
18 935 12
19 276 13
19 340 -7
19 485 15
19 575 -15
19 642 2
19 672 -14
19 752 -5
19 844 14
19 903 -8
19 956 -14
20 68 -9
20 243 18
20 257 -17
20 287 5
20 352 3
20 394 -14
20 514 -2
20 766 10
20 840 20
20 928 -10
20 983 16
20 990 5
21 144 -2
21 416 -1
21 525 17
21 713 -18
21 899 10
21 947 10
22 104 -16
22 204 2
22 219 -20
22 303 2
22 561 15
22 615 11
22 948 16
22 994 9
23 145 19
23 177 12
23 204 12
23 355 3
23 491 8
23 509 -5
23 630 -15
23 641 1
23 882 -17
23 900 -15
24 107 20
24 155 -1
24 195 -2
24 233 -14
24 251 9
24 276 -3
24 296 1
24 309 -1
24 581 19
24 701 -14
24 896 -13
25 64 -4
25 80 -6
25 369 8
25 472 14
25 488 17
25 578 13
25 584 -2
25 801 10
25 921 12
25 940 -17
26 96 5
26 336 -17
26 354 16
26 571 12
26 615 -20
26 792 -13
27 50 17
27 81 -7
27 193 -19
27 236 9
27 242 -1
27 651 -10
27 817 8
27 846 -4
27 983 -3
28 62 2
28 111 14
28 253 -10
28 337 -7
28 384 18
28 737 14
28 970 -13
29 53 -12
29 117 -20
29 134 -4
29 168 -3
29 398 -4
29 514 7
29 632 18
29 707 4
29 716 12
29 764 6
29 999 -3
30 46 10
30 515 -14
30 530 -16
30 542 -6
30 599 -5
30 682 15
30 763 -11
30 973 14
31 468 -13
31 547 -3
31 641 -9
31 659 18
31 766 -15
31 793 17
32 49 -6
32 254 -3
32 352 -3
32 672 -19
32 838 1
32 894 12
32 946 7
32 983 -18
32 988 18
33 143 11
33 519 -17
33 789 -8
33 968 -15
34 138 19
34 154 -20
34 376 -17
34 499 13
34 557 -17
34 562 -16
34 620 3
34 628 16
34 764 -11
34 820 5
34 956 12
35 95 -10
35 210 9
35 238 12
35 281 9
35 302 7
35 838 10
35 879 -13
36 38 -18
36 99 10
36 146 -15
36 357 7
36 600 -2
36 617 13
36 648 -10
36 711 -13
36 728 12
36 883 -13
36 930 -15
36 948 8
37 106 -12
37 201 -4
37 534 14
37 648 -2
38 84 16
38 110 -20
38 298 -7
38 429 -10
38 446 -14
38 664 -19
38 814 8
38 909 20
38 963 13
39 182 -7
39 281 3
39 318 -4
39 381 15
39 395 -5
39 716 3
39 739 -20
39 906 10
39 940 -8
39 983 1
40 66 -10
40 133 16
40 328 -3
40 358 18
40 391 -7
40 476 -7
40 546 -17
40 595 -17
40 632 4
41 228 0
41 244 17
41 301 -20
41 313 19
41 314 16
41 315 -9
41 473 8
41 475 -4
41 553 14
41 730 7
41 781 -13
41 934 19
41 958 -15
42 353 19
42 675 -16
42 805 -1
43 134 -4
43 295 8
43 392 18
43 875 5
43 885 -12
43 939 -17
44 170 -1
44 380 -18
44 384 8
44 461 -8
44 771 13
45 132 12
45 136 2
45 412 7
45 434 -17
45 503 -4
45 613 17
45 653 19
45 724 -7
45 772 -13
46 343 0
46 454 -3
46 906 2
46 917 -15
47 278 15
47 354 2
47 373 13
47 622 5
47 641 -14
47 805 12
47 988 -4
48 489 -8
48 745 16
48 959 10
49 272 2
49 274 -15
49 506 -5
49 591 -18
49 853 -1
50 628 13
50 741 -7
50 747 -8
50 797 -1
50 933 11
51 269 10
51 441 -10
51 458 11
51 502 -9
51 605 -16
51 703 19
51 838 0
51 858 -5
51 933 16
51 991 -2
52 148 -2
52 182 -10
52 207 2
52 258 -15
52 280 -4
52 386 17
52 641 -17
52 772 2
52 801 18
52 881 4
52 922 10
52 999 -9
53 189 14
53 274 -1
53 326 15
53 509 9
53 643 11
53 833 1
53 838 17
53 906 -1
54 269 -5
54 593 8
54 599 16
54 822 -6
54 837 -15
55 197 5
55 388 8
55 504 -20
55 568 17
55 685 -10
55 700 -1
55 753 7
55 803 8
55 832 5
56 151 -14
56 163 -18
56 177 -10
56 291 20
56 336 -3
56 570 -10
56 971 -20
57 472 -12
57 887 -7
57 919 15
57 956 -6
58 69 -12
58 192 -17
58 416 17
58 555 -20
58 739 2
58 864 -14
58 866 -17
59 623 3
59 639 11
59 683 13
59 815 -11
59 836 19
59 896 -5
60 316 -14
60 401 1
60 405 20
60 412 -2
60 419 -5
60 487 0
60 652 10
60 725 20
60 745 -4
60 761 16
60 769 20
60 775 -15
61 117 -7
61 152 -9
61 235 3
61 464 -18
61 499 14
61 538 13
61 582 -18
61 646 13
61 781 9
61 891 -4
61 990 11
62 141 10
62 202 1
62 274 -7
62 287 -14
62 420 -16
62 578 -14
62 685 10
62 915 5
62 935 -18
63 133 -20
63 141 -18
63 208 18
63 240 -7
63 254 1
63 465 6
63 534 -8
63 780 13
63 811 14
63 863 -12
63 935 4
64 290 9
64 326 -9
64 427 14
64 510 15
64 689 -15
64 701 17
65 71 10
65 131 12
65 249 -13
65 336 11
65 457 -11
65 465 -9
65 599 -1
65 698 -9
66 335 -4
66 408 -12
66 680 -13
66 742 1
66 781 4
66 786 -4
66 900 -15
67 102 15
67 173 20
67 180 4
67 194 10
67 293 11
67 406 10
67 451 0
67 640 -5
67 958 -7
68 178 -5
68 289 9
68 542 18
68 554 19
68 582 12
68 673 8
68 884 15
69 114 -19
69 537 0
69 571 -5
69 605 -8
69 652 19
69 735 12
69 912 10
70 113 -7
70 163 -6
70 214 6
70 280 -17
70 282 -16
70 313 -13
70 370 0
70 441 6
70 781 -2
70 917 -12
70 997 -15
71 136 -2
71 353 18
71 502 -19
71 577 -15
71 780 -2
71 787 3
71 833 -19
71 907 10
71 978 -16
72 307 -3
72 456 18
72 505 -19
72 765 13
72 795 -13
72 821 -12
73 95 8
73 284 -9
73 481 -13
73 638 -9
73 805 7
73 812 1
73 907 16
74 178 1
74 382 -6
74 389 17
74 427 -10
74 604 18
74 747 -11
74 803 11
74 959 -20
74 979 11
75 167 11
75 223 -4
75 307 -8
75 332 -11
75 505 -20
75 510 -15
75 879 8
76 195 3
76 197 15
76 210 -14
76 473 16
76 576 9
76 769 1
77 107 5
77 124 -12
77 157 -13
77 293 2
77 479 11
77 587 -16
77 634 10
77 958 -12
78 251 -15
78 266 9
78 487 -16
78 740 2
78 997 18
79 262 16
79 476 -14
79 822 15
79 824 10
79 935 -9
79 995 5
80 128 3
80 338 -1
80 460 17
80 558 -4
80 577 9
80 603 7
80 654 -15
80 757 -12
80 799 -19
80 857 14
81 141 16
81 178 -4
81 566 15
81 673 1
81 779 3
81 812 20
81 886 16
82 369 5
82 431 6
82 600 5
82 931 -14
83 407 8
83 441 0
83 485 7
83 523 7
83 710 -2
83 921 3
84 115 18
84 223 -15
84 248 -14
84 270 -18
84 273 -20
84 420 18
84 456 1
84 592 1
84 736 -5
84 758 -17
84 850 -12
84 853 6
84 907 14
85 104 6
85 236 -18
85 724 -5
85 828 -12
85 933 12
85 989 -16
86 327 -3
86 375 -18
86 533 -6
86 595 -11
86 629 6
86 713 7
86 717 -7
86 786 15
87 256 -6
87 361 14
87 365 3
87 722 8
88 108 -4
88 132 -20
88 157 -15
88 273 -11
88 498 17
88 527 -5
88 872 -16
88 974 -20
89 102 18
89 142 -7
89 468 -18
89 497 -1
89 759 8
89 812 -9
89 966 -13
89 971 9
90 232 -19
90 263 -19
90 697 4
91 111 -16
91 112 -5
91 378 -2
91 391 -12
91 916 17
91 963 -9
92 254 13
92 348 -5
92 646 1
92 797 -1
92 891 11
92 907 7
93 228 11
93 335 5
93 345 -8
93 438 -9
93 531 3
93 657 16
93 665 -1
93 733 12
93 748 -3
93 838 12
94 157 18
94 177 -15
94 242 -15
94 363 5
94 543 6
94 786 -15
95 377 20
95 449 8
95 505 -4
95 588 -13
95 762 -5
95 898 11
96 116 6
96 181 -6
96 359 10
96 401 0
96 464 -20
96 470 -18
96 551 -19
96 636 0
96 689 -16
96 695 2
96 806 -7
96 893 -13
97 286 3
97 483 -9
97 572 -9
97 586 6
97 754 -12
97 904 -20
98 293 -10
98 299 1
98 402 -4
98 405 -13
98 645 2
98 825 -5
98 826 6
99 120 2
99 492 -17
99 688 -6
99 693 -8
99 724 1
99 916 1
99 933 -5
100 127 10
100 147 12
100 176 3
100 178 -10
100 544 9
100 670 -5
100 753 -11
100 834 9
100 997 10
101 118 1
101 189 7
101 281 -2
101 285 -10
101 418 -9
101 655 15
101 686 -6
101 741 20
101 975 -3
101 982 4
102 360 20
102 606 -18
102 622 -17
102 809 5
102 830 -10
102 840 -10
103 530 0
103 678 3
103 842 -2
103 990 15
104 202 -9
104 227 -3
104 267 7
104 339 -20
104 428 -15
104 463 19
104 487 6
104 673 -1
104 838 3
104 941 -17
105 194 -18
105 232 5
105 443 7
105 521 20
105 547 -8
105 723 3
105 796 14
105 902 15
105 964 -4
105 971 16
106 231 10
106 286 -7
106 413 5
106 485 4
106 548 13
106 579 -13
106 634 -8
107 199 3
107 341 -14
107 394 0
107 662 -1
107 752 -2
107 797 1
108 164 -8
108 185 10
108 435 1
108 466 9
108 522 3
108 546 -2
108 678 5
108 699 15
108 713 -15
109 517 8
109 542 2
109 614 19
109 679 -13
110 427 13
110 484 10
110 613 16
110 630 -11
110 945 6
111 287 20
111 386 -5
111 425 14
111 518 2
111 603 -11
111 653 -11
112 177 12
112 241 4
112 306 18
112 321 -20
112 396 6
112 610 -4
112 778 -18
112 863 12
112 983 8
113 260 -9
113 495 -5
113 521 16
113 613 19
113 780 5
113 789 4
113 843 -15
113 855 3
114 148 3
114 154 12
114 231 12
114 389 11
114 606 -20
114 641 14
114 773 -18
114 807 -2
114 835 -2
114 884 -20
115 152 -20
115 271 -13
115 324 2
115 474 3
115 514 -5
115 736 -10
115 942 0
116 130 19
116 142 3
116 147 -13
116 148 3
116 278 9
116 314 -11
116 364 20
116 442 -18
116 567 -6
116 575 16
116 677 -3
116 696 1
116 776 19
116 958 -1
116 960 8
117 417 -11
117 530 -5
117 664 15
117 674 10
117 721 -12
117 831 -8
117 953 -3
118 284 7
118 321 14
118 409 4
118 425 -16
118 444 -11
118 530 -4
118 572 -15
118 632 -12
118 699 9
118 860 3
118 892 -12
119 588 -2
119 655 5
119 703 -7
119 734 18
119 841 15
119 893 15
120 404 -9
120 436 16
120 589 18
120 658 -14
120 791 -18
120 876 -3
120 916 13
120 949 17
121 268 20
121 331 3
121 671 5
121 794 4
121 800 16
122 127 -7
122 130 -11
122 285 -13
122 301 16
122 735 11
122 736 12
122 807 -7
122 853 -15
123 260 14
123 288 15
123 306 -7
123 456 9
123 622 8
124 178 -11
124 513 -20
124 545 13
124 601 5
124 879 -20
124 987 -1
125 236 3
125 301 20
125 387 -1
125 505 -5
125 515 -11
125 664 19
125 806 5
126 138 10
126 211 3
126 267 8
126 294 11
126 344 -17
126 359 18
126 652 -15
126 745 -12
126 890 -12
127 289 4
127 358 -14
127 413 15
127 424 -9
127 451 8
127 551 12
127 837 -4
127 905 5
128 175 -15
128 213 -12
128 528 3
128 552 -20
128 564 -5
128 623 12
128 769 -17
129 741 -17
129 951 -17
130 220 -12
130 223 6
130 278 -1
130 383 0
130 449 -11
130 880 -14
130 933 11
130 945 -7
131 253 -20
131 750 -7
131 884 6
131 972 11
132 347 15
132 525 -2
132 528 18
132 582 10
132 597 11
132 731 3
132 874 -18
132 878 18
133 497 -17
133 573 -1
133 765 -20
133 899 5
133 902 -19
133 938 -9
134 195 14
134 208 4
134 336 -5
134 367 11
134 639 3
134 750 18
134 979 -12
135 359 20
135 413 -9
135 486 2
135 670 -1
135 728 -20
135 811 10
135 827 -10
135 845 12
136 252 -13
136 616 -12
136 639 -13
136 695 5
136 722 4
136 909 16
136 954 12
137 147 -10
137 227 10
137 252 -6
137 419 -19
137 460 -1
137 746 14
137 927 13
137 965 -8
138 151 13
138 179 -16
138 207 0
138 315 -7
138 516 -4
138 793 -15
138 852 -3
139 437 -14
139 448 0
139 814 18
139 847 2
140 198 -8
140 373 0
140 502 13
140 576 17
140 593 14
140 733 7
140 894 -8
140 954 14
141 456 6
141 623 0
141 702 -18
141 724 2
141 800 2
141 876 -1
141 891 -15
141 945 -9
142 433 -2
142 555 6
142 728 11
142 733 2
142 784 -11
142 830 -1
142 833 2
142 850 9
142 965 12
143 316 8
143 913 2
144 159 4
144 254 15
144 647 15
144 652 13
144 693 -13
144 915 5
145 258 -1
145 272 -6
145 294 -20
145 554 -4
145 823 15
145 846 -15
145 847 2
145 848 11
145 856 18
146 555 8
146 602 -20
146 802 -20
147 248 -4
147 484 -13
147 629 18
147 824 1
147 960 -18
148 271 19
148 364 -18
148 499 13
148 676 -3
148 808 -4
149 365 0
149 374 -18
149 471 3
149 472 1
149 529 -13
149 530 12
149 603 13
149 708 10
149 752 -8
149 785 -16
149 918 -8
149 941 18
150 239 20
150 374 14
150 581 6
150 740 3
150 745 -15
150 762 -17
150 798 8
150 881 13
150 991 -13
151 175 19
151 192 -15
151 239 -18
151 294 12
151 337 17
151 357 -10
151 364 20
151 384 -2
151 564 1
151 651 13
151 832 -7
151 937 -16
152 189 -15
152 241 -6
152 596 11
152 850 11
153 161 -11
153 697 6
153 809 5
153 940 -15
154 195 6
154 525 -11
154 650 -18
154 797 6
154 852 -19
155 229 -5
155 261 6
155 421 9
155 450 -15
155 510 -1
155 681 -9
155 749 10
155 815 -11
156 227 -12
156 416 16
156 445 15
156 631 -12
156 665 4
156 765 4
156 828 16
156 980 19
157 271 10
157 316 -5
157 450 18
157 509 -2
157 635 -12
157 648 -16
157 701 6
157 847 15
157 852 -18
158 203 -14
158 292 12
158 527 -12
158 633 5
158 781 -14
158 786 -14
158 839 8
158 915 8
159 270 20
159 316 -16
159 402 12
159 762 12
159 782 14
159 817 -15
159 849 -12
159 880 -7
160 495 -1
160 740 9
160 779 -13
160 804 16
160 807 13
160 841 12
160 953 -20
161 411 -9
161 426 -17
161 452 17
161 483 -20
161 617 18
161 682 3
161 723 -13
161 775 -13
162 435 -15
162 497 -15
162 503 -4
162 558 -10
162 628 7
162 665 18
162 666 15
162 685 -20
162 809 -14
163 216 19
163 326 -20
163 864 10
163 975 -17
164 207 -20
164 216 0
164 237 6
164 264 -1
164 275 -11
164 291 -6
164 308 19
164 333 -19
164 435 -13
164 438 -8
164 468 -5
164 536 15
164 630 20
164 706 -15
165 451 -18
165 475 11
165 576 12
165 728 -12
165 794 17
166 174 -15
166 220 -7
166 829 20
166 979 5
167 219 5
167 250 16
167 335 -2
167 465 4
167 608 3
167 940 -6
168 516 11
168 825 -5
168 919 15
169 343 1
169 345 6
169 369 -17
169 465 7
169 504 11
169 568 -17
169 615 -20
169 626 -3
169 777 3
170 578 -20
170 868 7
170 998 -20
171 328 11
171 559 10
171 850 -8
172 176 -14
172 241 -3
172 261 -12
172 438 14
172 493 12
172 636 -1
172 637 -7
172 817 -9
172 861 -3
173 403 -11
173 627 11
173 650 -3
173 684 0
173 747 -9
173 822 -20
174 541 -20
174 561 11
174 676 -19
174 708 -16
174 946 14
174 992 12
175 496 4
175 560 -2
175 937 20
176 261 7
176 366 8
176 430 -8
176 552 15
176 917 17
177 238 3
177 317 20
177 716 3
177 725 -20
177 746 10
177 782 -3
177 809 7
177 933 -16
178 255 17
178 270 12
178 290 -3
178 359 -14
178 366 0
178 384 -10
178 393 -5
178 394 2
178 403 -9
178 684 7
178 793 -20
178 796 16
178 907 5
178 930 -10
179 218 7
179 261 -16
179 430 -10
179 632 -14
179 829 19
179 971 -14
180 729 20
181 211 11
181 417 15
181 679 7
181 750 -5
182 242 0
182 394 4
182 662 5
182 720 8
182 728 -19
182 753 -2
183 304 11
183 599 -18
183 661 -17
183 880 -12
183 899 -13
183 940 -12
184 482 15
184 559 6
184 581 17
184 716 8
184 729 -18
184 769 -17
184 981 3
185 221 18
185 278 0
185 349 -18
185 354 18
186 199 18
186 445 -9
186 503 20
186 534 -19
186 815 -19
186 835 -9
186 874 8
186 992 -1
187 623 3
187 687 14
187 704 1
187 708 -4
187 723 -15
187 751 6
187 771 -8
187 783 13
187 820 -15
187 887 -8
187 961 -1
188 293 20
188 320 16
188 420 -15
188 524 9
188 528 18
188 607 11
188 736 -1
188 989 14
189 288 17
189 364 5
189 438 -4
189 740 17
189 793 -6
190 567 7
190 590 10
190 749 10
190 964 7
191 435 -16
191 525 16
191 794 5
191 852 8
191 996 7
192 224 4
192 518 -17
192 566 -15
192 572 5
192 595 -16
192 787 4
192 796 15
192 858 -14
192 986 1
193 250 -5
193 417 5
193 513 0
193 650 5
193 825 -14
193 854 18
193 868 8
194 220 -7
194 255 12
194 266 -13
194 471 -19
194 671 18
194 699 16
194 764 3
194 929 19
195 291 -11
195 519 -17
195 561 -8
195 613 2
195 646 1
195 887 -6
195 955 -4
196 530 15
196 686 -9
196 996 2
197 293 -13
197 309 14
197 397 -12
197 459 11
197 607 5
197 734 15
197 744 3
197 916 -3
198 202 4
198 235 19
198 732 -14
198 772 -12
199 541 -16
199 558 20
199 585 -1
199 663 9
199 674 -13
199 696 2
201 668 -17
202 412 18
202 439 -15
202 468 -17
202 598 9
202 685 -17
202 958 -7
203 231 -2
203 321 -19
203 495 8
203 744 -17
203 917 17
204 274 -12
204 281 -7
204 324 -16
204 473 4
204 529 4
204 604 11
205 223 20
205 279 18
205 548 -6
205 591 8
205 619 15
205 761 3
205 764 10
205 777 -16
205 801 16
205 967 3
206 343 -3
206 542 -12
207 238 5
207 280 -2
207 338 -13
207 363 19
207 493 1
207 568 -15
207 816 6
207 890 0
207 893 2
208 272 -16
208 320 3
208 326 16
208 823 -8
208 871 2
209 558 -20
209 576 2
209 917 0
209 944 -10
210 433 -17
210 502 -3
210 792 -20
210 999 2
211 218 -13
211 287 -16
211 502 9
211 660 -10
211 764 3
211 829 19
212 480 14
212 563 13
212 590 -20
212 630 -9
212 903 -5
212 922 13
213 231 5
213 232 19
213 442 18
213 529 14
213 671 -10
213 860 16
214 292 14
214 907 17
214 917 16
214 975 -6
215 229 6
215 357 11
215 515 5
215 600 0
215 824 9
215 880 12
215 986 -12
216 233 4
216 322 3
216 326 11
216 416 -17
216 417 -17
216 453 -4
216 897 -4
217 262 14
217 320 -15
217 428 -18
217 434 -16
217 505 5
217 582 13
217 605 9
217 656 -7
217 726 10
217 930 -17
217 957 4
218 512 -2
218 544 15
218 595 14
218 600 -7
218 700 19
218 730 -16
218 822 -3
218 929 -10
218 959 14
219 274 -15
219 393 -2
219 444 -18
219 651 9
219 755 3
220 346 11
220 374 16
220 401 -18
220 450 -12
220 535 -20
220 689 -4
220 744 20
220 776 12
220 797 16
220 866 17
220 868 2
221 962 5
221 969 -8
221 995 -10
222 570 11
222 662 -11
222 871 10
222 926 -18
222 953 17
222 971 -11
222 996 -6
223 263 -1
223 345 15
223 381 -8
223 382 -7
223 579 7
223 714 8
223 799 6
223 828 -14
224 250 -13
224 340 12
224 382 -3
224 452 11
224 788 -2
224 833 10
224 843 2
224 927 -1
225 349 -18
225 389 -5
225 405 16
225 568 -14
225 571 2
225 808 -3
225 857 6
225 886 6
225 906 3
226 262 9
226 283 -6
226 371 14
226 400 19
226 546 18
226 588 -11
226 704 -20
226 868 -14
227 269 -12
227 435 -3
227 454 -10
227 524 -8
227 643 -13
227 720 15
227 743 -16
227 824 -14
227 848 -19
227 865 7
227 882 -8
227 946 -2
228 289 -8
228 502 -16
228 898 -4
229 243 -7
229 427 0
229 454 2
229 673 -8
229 705 -5
230 292 17
230 403 -13
230 435 -17
230 442 -10
230 448 -11
230 505 -1
230 688 13
230 965 14
230 966 1
231 595 -14
231 733 -1
232 479 12
232 580 -19
232 875 5
232 877 -6
232 936 18
232 989 -10
233 381 5
233 401 -7
233 569 -18
233 732 -8
233 790 -6
234 302 -16
234 381 -16
234 733 -4
234 780 7
234 790 -6
235 257 -4
235 332 -14
235 686 10
235 775 -5
236 753 -16
237 409 -5
237 657 20
237 701 6
237 845 19
237 947 -18
238 369 -16
238 421 -16
238 435 8
238 471 -4
238 536 11
238 561 -1
238 563 6
238 854 -14
238 866 3
239 402 4
239 516 -13
239 821 5
239 845 -15
239 857 -8
240 490 2
240 743 19
240 830 10
241 418 3
241 534 11
241 692 -19
241 693 -4
242 543 2
242 668 -12
242 786 8
243 318 12
243 340 -10
243 828 11
243 855 0
243 896 0
244 504 -14
244 525 -5
244 597 0
244 753 3
244 793 -16
244 951 3
244 994 -19
245 322 2
245 428 -12
245 467 -8
245 515 -12
245 538 1
245 571 10
245 742 10
245 807 5
246 289 -1
246 511 6
246 519 -12
246 630 -13
246 669 16
246 697 2
246 801 -16
246 908 20
247 269 16
247 411 12
247 438 -14
247 525 -12
247 685 -19
247 800 7
247 810 -7
247 811 -15
247 891 0
248 850 20
248 863 -12
248 916 -7
249 322 -17
249 560 -6
249 816 5
249 990 8
250 302 2
250 538 9
250 760 8
250 771 6
250 790 5
250 821 14
250 945 16
251 579 -17
251 622 -19
251 640 -6
251 820 6
251 927 4
251 930 15
252 276 7
252 817 20
252 840 -19
252 918 -8
253 426 11
253 429 4
253 735 11
253 739 7
254 285 0
254 339 18
254 412 6
254 522 3
254 859 -2
255 271 6
255 554 6
255 621 18
255 675 -15
255 723 17
255 881 -2
256 262 -5
256 287 7
256 360 -5
256 416 1
256 702 15
256 724 9
256 775 -10
256 829 4
257 335 4
257 337 11
257 525 15
257 632 9
257 713 -14
257 917 -17
257 932 6
257 969 17
258 513 -19
258 552 2
258 565 -13
258 569 9
258 725 -6
258 934 -15
258 965 6
258 991 19
259 277 -10
259 321 -16
259 599 3
259 784 -4
259 788 3
259 893 10
260 413 14
260 419 -2
260 452 -11
260 503 17
260 548 -4
260 665 16
260 905 2
260 910 -5
260 985 -14
260 999 -19
261 307 -14
261 402 -2
261 466 18
261 508 16
261 510 6
261 519 8
261 602 18
261 679 19
261 735 18
261 928 9
262 419 0
262 642 20
262 848 19
262 851 18
262 867 -8
262 892 16
263 361 -8
263 526 -19
263 917 5
264 278 -11
264 288 -6
264 304 11
264 316 -1
264 341 -2
264 547 18
264 622 20
264 748 -6
264 756 17
264 821 -9
264 846 7
264 917 -9
265 620 -3
265 683 -9
265 690 -6
265 700 1
265 776 -10
265 788 20
265 983 15
265 990 10
266 586 -14
266 821 -1
267 345 2
267 423 14
267 760 16
267 837 5
268 342 -19
268 586 16
268 628 7
268 663 10
268 666 11
268 919 -16
269 365 -2
269 576 -15
269 731 8
270 300 12
270 452 1
270 464 17
270 595 -11
270 809 -4
270 968 5
271 548 2
271 557 14
271 599 4
271 754 9
271 871 -19
272 294 -14
272 302 12
272 449 -20
272 474 8
272 577 14
272 806 10
272 836 16
272 916 -18
272 917 0
273 404 7
273 503 -18
273 670 11
273 800 -13
273 824 12
273 923 0
274 280 14
274 294 15
274 339 -16
274 340 -8
274 372 19
274 433 -6
274 479 -3
274 551 -2
274 554 -11
274 853 -7
275 365 -18
275 469 -3
275 585 -9
275 743 -9
275 814 -3
275 815 -14
275 828 -16
275 852 20
275 916 -9
276 342 -9
276 421 -14
276 516 -13
276 517 -10
276 837 17
276 859 -14
276 884 19
277 327 11
277 332 -14
277 433 -16
277 573 -9
277 747 -1
277 945 17
278 426 7
278 544 -13
278 693 3
278 760 10
278 774 -16
279 338 13
279 442 -4
279 558 10
279 562 -1
279 653 5
279 667 -5
279 764 -4
279 811 16
280 372 -11
280 532 -2
280 628 0
280 722 -11
280 905 -1
281 295 5
281 358 20
281 414 -10
281 517 5
281 593 0
281 631 2
281 641 -1
281 681 -15
281 803 -14
281 810 -11
281 823 3
281 861 14
281 896 3
281 919 -2
282 456 -4
282 484 0
282 551 -20
282 687 1
282 815 -18
282 986 -4
283 376 4
283 529 -9
283 586 4
283 659 17
283 906 4
284 329 0
285 324 -20
285 452 19
285 632 15
285 636 -4
285 658 18
285 755 -3
286 395 9
286 662 -19
286 984 3
286 998 15
287 390 19
287 525 1
287 545 10
287 632 -8
287 709 -1
287 984 -4
288 296 -5
288 505 -3
288 685 -3
288 729 -13
288 858 -14
288 914 18
288 985 1
289 401 -12
289 526 12
289 703 14
289 884 -6
289 965 12
290 372 1
290 385 7
290 661 -3
290 675 -16
290 738 -13
290 754 20
290 969 -7
291 488 9
291 637 -12
291 907 14
292 389 -4
292 605 4
292 918 11
292 926 -9
293 335 16
293 341 -14
293 598 7
293 656 -17
293 697 -7
293 857 -16
293 939 7
294 390 3
294 428 0
294 443 -11
294 594 -6
294 624 -6
294 626 -2
294 665 -1
295 337 -14
295 383 2
295 478 -13
295 646 -8
295 701 18
295 855 -4
295 857 -13
295 935 -5
296 683 4
297 444 -4
297 625 8
297 645 -15
297 877 6
298 482 -7
298 573 1
298 629 20
298 765 6
298 869 10
299 337 11
299 360 14
299 370 18
299 567 -16
299 593 -18
299 670 12
299 889 12
299 985 -18
300 388 -16
300 497 -13
300 529 3
300 531 3
301 328 -20
301 400 -6
301 453 -16
301 550 -18
301 576 2
301 672 6
301 794 14
301 799 -11
301 960 20
302 315 -11
302 339 20
302 674 -16
302 686 -1
302 713 -3
302 714 9
302 716 -19
302 730 18
302 914 14
303 399 -18
303 498 -11
303 540 20
303 719 -14
303 951 -13
304 476 2
304 515 20
304 585 -14
305 720 18
305 728 -5
305 752 -14
305 993 -15
306 376 -8
306 392 -6
306 468 8
306 515 2
306 894 18
307 475 7
307 816 -10
307 881 -6
308 347 -2
308 352 -11
308 778 -3
308 877 16
308 965 0
309 369 14
309 486 5
309 512 -9
309 758 -5
309 788 -5
309 947 -2
309 952 -15
310 487 4
310 513 -11
310 801 -18
311 358 -7
311 376 -11
311 715 16
312 316 1
312 888 -9
313 320 -16
313 484 -11
313 623 1
313 689 -8
313 803 7
313 911 5
314 326 13
314 346 -17
314 393 19
314 431 2
314 827 -10
314 890 -19
314 913 16
314 926 -14
315 318 -14
315 326 8
315 773 16
315 891 -6
315 914 3
316 325 -15
316 476 8
316 483 16
316 757 13
317 386 -1
317 416 8
317 500 -5
317 593 -8
317 947 14
317 978 6
318 330 9
318 436 -16
318 540 8
318 647 -15
318 859 -14
318 876 -14
318 946 9
318 954 -7
318 994 15
319 324 3
319 342 -2
319 416 0
319 559 5
319 775 19
319 830 -12
319 978 0
319 988 15
320 387 18
320 458 20
320 536 -18
320 555 -11
320 561 -3
320 742 -6
320 785 -18
320 862 12
320 896 6
321 359 15
321 400 -16
321 479 -7
321 528 15
321 665 -8
321 789 3
321 869 20
321 873 9
321 900 -4
322 353 -9
322 551 -15
322 583 8
322 736 -19
323 678 16
323 804 15
324 390 -2
324 437 0
324 526 16
324 589 20
324 653 -1
324 765 19
325 579 -10
326 387 -8
326 416 4
326 572 -17
326 680 15
326 685 -11
326 737 16
326 750 7
326 811 5
326 843 9
326 845 -15
326 912 11
326 963 18
327 337 12
327 349 -5
327 379 -11
327 515 13
327 544 10
327 635 -13
327 792 8
327 989 -12
328 445 -2
328 621 16
328 780 -18
329 407 11
329 501 14
329 531 20
329 669 -2
329 879 -14
330 427 -16
330 461 20
330 485 -20
330 593 -17
330 627 -1
330 744 5
330 750 3
330 906 -6
331 384 -13
331 529 19
331 543 10
331 683 9
331 730 -20
331 973 -1
332 365 -11
332 432 10
332 440 -2
332 733 1
332 738 8
333 371 -4
333 649 10
333 842 19
333 944 -5
334 392 6
334 499 -5
334 532 19
334 802 -2
334 888 9
335 458 -20
335 529 4
335 843 -12
335 849 19
335 884 -19
336 337 1
336 443 -2
336 558 -5
336 585 -8
336 698 11
336 771 3
336 952 -17
336 955 -6
336 957 3
337 442 9
337 528 -3
337 540 1
337 542 -14
338 434 10
338 532 5
338 720 2
338 724 -5
338 772 4
338 878 8
339 504 -1
339 549 17
339 979 13
341 695 20
341 749 18
341 829 8
341 922 11
342 378 -7
342 392 11
342 570 -4
342 588 -12
342 753 -15
342 823 -16
342 974 8
343 456 -1
343 562 -15
343 700 12
344 487 -11
344 533 6
344 535 5
344 544 -11
344 672 2
344 699 -1
344 701 -16
344 733 -18
344 893 -19
344 927 0
344 979 -7
344 991 -4
345 358 16
345 594 4
345 604 -6
345 779 20
345 813 -19
346 449 12
346 492 -12
346 562 19
346 581 -20
346 676 3
346 742 0
346 875 -13
347 522 -6
347 603 11
347 793 -8
347 826 -11
347 834 -9
347 890 1
348 449 16
348 838 6
348 916 2
348 944 -1
349 465 8
349 522 -5
349 534 -1
349 552 -1
349 594 19
349 849 6
349 891 8
349 981 4
350 381 -2
350 430 -12
350 710 8
350 740 19
350 890 -20
350 916 13
350 933 -14
350 966 14
351 436 2
351 612 10
351 688 9
351 795 -19
352 531 -7
352 678 11
352 951 15
353 540 -15
353 815 8
353 858 16
353 961 4
354 358 9
354 394 17
354 515 14
354 917 7
355 359 -16
355 430 -7
355 486 15
355 528 2
355 810 9
355 869 -14
356 405 -2
356 556 14
356 726 3
356 932 -3
356 994 15
357 523 14
357 711 14
357 738 -13
357 946 -13
358 375 12
358 465 -15
358 508 4
358 514 -10
358 615 4
358 847 12
358 901 -10
358 905 15
359 363 13
359 475 -2
359 545 5
359 576 -6
359 671 -15
359 676 -10
359 969 -4
360 431 19
360 464 -14
360 615 -2
360 627 9
360 653 -9
360 743 20
360 868 -14
360 874 -10
360 964 -13
361 431 -12
361 724 -4
361 943 -17
361 958 1
361 977 -1
362 498 -3
362 549 8
362 616 -18
362 749 9
362 774 -1
362 802 5
362 804 -1
363 495 -9
363 614 -13
363 628 3
363 682 13
363 686 -2
363 781 16
363 803 3
363 899 -5
364 471 -1
364 515 -9
364 582 -5
364 774 14
364 778 -8
364 806 -15
364 817 12
365 375 -13
365 544 -19
366 582 4
366 633 -2
366 704 7
366 990 0
367 460 3
367 475 12
367 503 11
367 886 -12
368 378 -11
368 422 -19
368 476 -20
368 735 10
368 738 13
368 858 -3
368 866 16
368 882 10
368 892 -10
368 920 3
369 682 -16
369 854 20
369 969 -9
370 406 2
370 413 -16
370 481 6
370 630 -5
370 769 18
370 947 -9
371 493 -3
371 762 9
371 971 1
372 458 -19
372 865 3
372 890 11
372 931 3
372 950 16
373 437 17
373 725 -14
373 726 -20
373 915 8
374 399 -17
374 466 8
374 501 -16
374 616 -16
374 733 -9
374 768 7
374 832 -20
374 861 19
374 894 10
375 427 -3
375 804 -20
375 843 14
376 467 12
376 531 -18
376 611 -1
376 615 19
376 801 7
376 813 19
376 948 11
377 383 -3
377 454 8
377 971 16
377 985 -12
378 414 -1
378 497 -20
378 848 -1
378 997 18
379 522 -20
379 574 18
379 583 -7
379 673 16
379 743 -6
379 775 13
380 554 1
380 708 -6
380 714 6
380 758 19
380 959 -9
381 788 12
381 991 18
382 558 -13
382 927 -20
382 936 -3
383 457 -9
383 568 -3
383 610 16
383 643 -15
383 769 -10
383 898 9
384 594 -11
384 616 -18
384 703 9
384 722 -5
385 524 -19
385 888 -1
386 399 7
386 422 9
386 578 -6
386 672 -20
386 947 -20
386 965 4
387 862 7
387 897 17
388 496 -12
388 513 -11
388 759 -1
388 806 -12
388 826 -4
389 555 19
389 580 -13
389 691 -11
390 439 12
390 657 6
390 853 -14
391 436 11
391 447 -19
391 473 -18
391 483 -12
391 718 -20
391 726 5
391 741 -18
392 492 -7
392 695 -1
392 703 -18
393 804 5
393 817 -10
393 832 0
393 893 -6
394 396 4
394 446 10
394 741 -1
394 808 6
394 858 -18
394 888 7
394 905 -12
395 528 20
395 794 9
395 837 19
395 850 5
395 931 -19
395 978 6
396 412 18
396 615 12
396 687 16
396 786 -13
397 502 -10
397 506 6
397 511 13
397 520 -3
397 631 -19
397 768 8
398 538 -17
398 784 -6
398 817 19
398 830 -20
399 416 9
399 505 -17
399 506 3
399 806 19
399 930 -8
400 537 8
400 686 -3
402 844 14
402 922 12
402 929 6
403 430 -1
403 495 -17
403 572 20
403 608 -8
403 678 17
403 728 -1
403 738 -7
403 833 6
404 488 -14
404 569 2
404 600 -18
404 636 -19
404 743 18
404 778 19
404 946 -11
405 638 1
405 673 -8
405 736 -19
405 799 -2
405 834 17
405 858 -14
405 887 -17
405 913 20
406 463 15
406 531 -12
406 533 4
406 560 9
406 798 -17
406 856 -12
406 993 0
407 582 3
407 647 9
407 750 13
407 894 -6
408 429 -18
408 704 -18
408 710 16
408 762 18
408 861 17
408 943 -14
409 438 13
409 450 5
409 613 8
409 614 14
409 891 -19
410 629 -7
410 794 -17
410 856 4
410 985 -15
411 778 -9
411 801 14
412 523 4
412 870 -14
412 921 -3
412 993 11
413 544 4
413 585 0
413 713 2
413 766 -17
413 871 -20
413 990 13
414 527 -9
414 594 -1
414 718 -14
414 944 6
414 971 -4
414 994 -10
415 443 15
415 463 -16
415 549 -7
415 636 0
415 847 4
415 927 -18
416 424 -1
416 978 -14
416 984 -17
416 985 3
417 576 -20
417 924 -3
418 560 -1
418 784 -19
419 430 -13
419 660 9
419 799 -9
419 933 8
420 442 17
420 613 5
420 763 -10
420 909 -20
420 979 -13
421 445 -3
421 474 -20
421 476 -13
421 482 8
421 490 5
421 503 7
421 621 20
421 655 2
422 428 20
422 689 -14
422 842 11
422 977 17
423 555 19
423 606 -3
423 625 12
423 803 18
423 857 10
423 881 -12
424 489 -5
424 518 16
424 987 -4
425 556 8
425 733 17
425 821 -4
425 989 9
426 803 20
426 873 -5
426 970 -20
427 565 5
427 890 6
427 917 -3
428 617 13
428 749 -3
428 759 -7
429 640 8
429 830 1
429 906 1
429 939 -3
430 548 -12
430 607 11
430 691 -19
430 800 2
431 435 16
431 664 12
431 697 -11
432 525 -12
432 623 6
432 649 13
432 673 20
432 764 11
432 780 12
432 822 6
432 835 13
433 473 4
433 544 13
433 566 -2
433 635 -19
433 638 -11
433 807 -2
433 857 -4
433 950 4
434 560 -10
434 763 0
435 443 5
435 486 -5
435 501 -15
435 528 -3
435 538 -5
435 654 15
435 818 -16
435 937 -20
436 779 -3
436 943 -3
437 513 8
437 613 -20
437 728 -2
438 566 19
438 586 -1
438 674 -17
438 742 -11
438 998 -8
439 561 -16
439 840 4
439 878 -5
439 945 -14
440 513 15
440 575 -10
440 899 -16
441 509 19
441 580 -4
441 683 -11
442 514 18
442 541 16
442 596 9
442 597 -13
442 657 -17
442 684 2
442 742 2
442 811 11
443 455 -9
443 538 4
443 652 -2
443 669 1
443 739 3
443 927 16
443 942 10
444 530 -8
444 705 -15
444 871 14
444 917 -15
444 956 10
444 986 2
445 570 19
445 913 -20
446 572 9
446 613 -6
446 614 0
446 727 -7
447 480 -18
447 532 13
447 598 20
447 694 -8
447 803 9
447 882 3
447 957 -15
448 702 -9
448 789 2
448 897 9
448 966 -7
449 572 0
449 698 20
449 864 8
449 906 0
450 541 10
450 785 7
451 471 -14
451 519 -9
451 584 -2
451 601 -20
451 861 -1
451 962 10
452 542 18
452 704 14
452 913 6
453 514 16
453 564 16
453 676 -19
453 775 -14
453 793 -16
453 927 -13
454 474 -18
454 477 -1
454 629 -14
454 834 11
454 839 15
455 506 -6
455 755 15
456 491 -12
456 720 14
456 751 10
456 939 -2
456 946 0
456 980 7
457 648 1
457 667 9
457 969 -1
458 678 -20
458 879 16
459 477 -4
459 565 -17
459 612 11
459 678 -15
459 952 -17
459 972 8
460 825 -10
461 895 -7
461 969 -8
462 490 -17
462 512 7
462 534 18
462 850 5
462 947 14
463 591 -12
463 623 7
463 724 15
463 788 7
463 857 5
463 872 -2
463 984 -7
464 475 4
464 570 -7
464 579 11
464 787 17
464 871 -19
464 971 -2
465 593 2
465 646 0
465 675 -2
466 612 8
466 707 10
466 934 19
466 956 13
466 980 -9
467 487 2
467 958 -14
468 585 8
468 630 7
468 667 8
468 668 6
468 740 -3
468 767 7
468 799 10
468 925 3
468 945 6
469 482 9
469 738 7
469 982 -10
469 999 -1
470 482 -18
470 526 -15
470 586 -14
470 598 -7
470 704 5
470 721 -3
470 736 1
470 738 -9
470 835 -10
470 867 12
470 972 4
471 586 7
471 614 -1
471 640 -2
471 746 -9
471 780 11
471 829 17
471 908 -14
471 925 11
472 487 17
472 553 12
472 780 -17
472 843 -16
473 719 11
473 756 4
473 786 18
473 897 2
474 656 10
474 728 0
474 957 12
475 643 0
475 788 -3
475 807 0
475 986 14
476 592 -16
477 868 -4
477 906 -1
477 943 -12
478 502 10
478 622 1
478 706 -3
478 792 11
479 573 -16
480 641 20
480 653 -18
480 719 2
480 986 -17
481 688 5
481 704 -12
481 712 -9
481 743 -14
481 838 -14
481 900 -20
482 688 12
482 903 -14
482 908 2
482 971 11
483 552 -13
483 797 -20
483 840 -8
483 978 -4
484 518 14
484 887 -1
484 933 -6
485 651 6
485 697 14
485 757 -10
485 787 14
485 969 -14
485 972 -1
486 502 20
486 612 19
486 640 13
486 663 -15
486 757 7
486 837 11
486 936 7
486 949 3
486 984 8
487 515 20
487 701 -17
487 900 5
488 512 -4
488 639 8
488 746 -8
488 773 -17
489 552 -12
489 591 -9
489 893 -19
489 921 15
489 960 -11
489 962 -9
490 507 12
490 641 -8
490 673 1
490 676 -10
490 886 15
490 892 -5
491 591 1
492 561 -14
492 858 -4
492 931 15
493 764 -10
493 803 10
493 808 19
493 896 7
493 935 -15
494 579 -19
494 587 12
494 594 18
494 599 -18
494 791 3
494 819 -9
494 863 0
494 874 -16
495 706 -18
495 864 4
495 943 -8
496 718 0
496 736 -17
496 848 4
496 871 17
496 877 14
497 541 3
497 768 16
498 675 13
498 756 -18
498 790 -20
499 557 15
499 633 20
499 750 7
500 543 -5
500 635 2
500 713 -10
500 771 10
500 869 4
501 514 7
501 660 -11
502 686 13
502 732 -4
502 837 -1
502 936 -11
503 518 -3
503 532 -19
503 654 -3
503 727 17
503 756 18
504 572 0
504 946 9
505 587 8
505 640 14
505 772 -10
505 785 0
505 821 -1
505 924 -15
506 523 -17
506 540 -19
506 764 -14
506 775 5
506 912 -20
506 980 7
507 606 19
507 974 1
508 565 4
508 598 -8
508 662 19
508 688 -1
508 922 17
509 514 4
509 621 5
510 820 12
510 829 -20
510 869 1
510 969 12
511 596 -1
511 681 -8
511 953 -17
512 551 -16
512 699 3
512 844 11
512 931 -15
512 997 -9
512 998 -16
513 662 -15
513 700 -5
513 819 18
513 900 18
514 696 0
514 709 -20
514 727 0
514 759 2
514 853 -14
514 858 13
514 867 -9
515 516 9
515 879 19
515 921 -9
516 684 -7
516 944 12
516 983 9
517 615 6
517 790 -18
517 839 -1
517 898 -15
517 964 15
517 966 -2
518 572 -20
518 681 -12
519 526 19
519 626 13
520 754 -1
520 853 -9
520 870 -10
520 958 -13
521 756 17
521 796 17
521 834 -4
521 973 -19
522 525 12
522 581 11
522 678 -4
522 746 -20
522 786 -5
522 921 -14
523 526 16
523 535 -10
523 678 -14
523 947 18
524 572 -19
524 583 16
524 616 -16
524 753 -18
524 843 -17
524 945 7
525 582 5
525 653 -18
525 661 -14
525 799 12
526 569 -18
526 587 1
526 652 17
526 677 2
526 756 17
526 757 -5
526 828 4
526 927 6
526 961 -20
527 576 20
527 667 -12
527 720 9
527 815 -15
527 973 -5
528 622 -13
528 662 6
528 839 -2
528 842 14
528 944 -20
530 531 2
530 833 -7
530 986 -19
531 632 11
531 859 -15
532 649 9
532 762 2
532 806 -18
532 860 -16
532 909 9
532 987 -1
533 779 -16
533 805 4
533 840 -20
533 893 19
533 948 -12
533 970 -13
534 652 15
534 999 -5
535 550 14
535 632 4
535 680 9
535 712 3
535 874 12
535 926 16
536 542 7
536 979 -15
537 649 -2
537 681 20
537 816 -6
538 551 -19
538 552 -19
538 573 -4
538 826 -4
538 873 -1
539 632 -12
539 667 -19
539 762 -14
539 822 9
540 615 -16
541 730 11
541 760 0
541 766 0
541 898 14
541 972 -9
542 641 -13
542 806 5
542 859 12
542 880 20
542 915 -6
542 930 -2
542 980 5
543 705 -19
543 954 19
544 578 19
544 599 16
544 632 7
544 823 -16
545 608 3
545 791 -10
546 701 -18
546 746 20
546 983 0
547 611 7
547 747 10
547 800 -14
548 557 11
548 569 -3
548 696 1
548 868 20
549 579 12
549 591 -3
549 685 7
549 711 15
549 777 -3
549 944 -20
549 946 -5
550 556 15
550 741 15
550 913 -7
551 914 20
552 666 -10
552 917 -7
552 956 20
553 556 10
553 663 16
553 681 11
553 732 -10
553 755 11
553 766 10
553 774 14
553 860 -7
553 937 20
553 957 -12
554 737 4
554 986 9
555 658 -3
555 781 20
555 964 20
556 572 -10
556 667 -16
556 796 -3
556 928 -9
556 933 2
556 954 -17
556 976 -17
557 670 -15
557 700 14
557 724 -17
557 854 -19
557 942 -5
558 582 -9
558 598 17
558 644 -4
558 951 1
559 709 2
559 803 8
560 567 18
560 570 -19
560 736 17
560 742 2
560 930 10
560 986 9
561 596 4
561 612 3
561 842 13
561 963 -3
562 622 2
562 804 7
562 984 -20
562 989 15
563 762 -18
563 813 0
564 583 -3
564 686 11
564 721 -8
564 920 2
565 898 12
565 929 19
566 672 -20
566 782 -6
567 568 -17
567 588 -12
568 637 -19
568 743 5
568 852 1
568 936 16
569 679 -13
570 756 1
570 806 8
570 947 9
570 989 -20
571 765 2
571 891 -5
571 950 4
572 697 17
572 699 -2
572 724 1
572 881 -10
572 935 11
573 633 -10
573 661 -17
574 691 -8
574 696 -3
574 775 -8
574 782 3
574 846 1
574 889 7
575 747 -8
575 749 9
575 892 11
575 951 -17
576 776 -13
576 817 16
576 912 11
577 705 -10
577 806 -7
577 879 5
577 957 -15
577 960 13
577 990 2
577 997 18
578 744 -15
578 796 -20
578 880 20
579 663 -20
579 910 9
580 792 20
580 797 9
580 862 13
581 732 8
581 893 -17
582 688 13
582 807 -4
582 855 -18
582 902 16
582 964 3
583 802 -13
584 850 -6
584 929 -17
584 950 1
585 836 20
585 951 -9
586 814 10
587 764 5
587 898 -18
588 599 17
588 654 5
588 696 11
588 727 -15
588 862 -14
588 956 -11
589 613 -20
589 691 6
590 593 10
590 643 -19
590 747 20
590 753 -11
590 895 9
590 916 -8
591 595 6
591 878 17
592 684 1
592 798 16
592 808 -8
592 898 -3
593 620 -10
593 663 -19
593 765 15
593 814 -14
593 929 20
594 641 -3
594 771 8
594 797 0
595 842 -7
595 996 4
596 685 -19
596 773 -9
596 782 12
596 863 17
596 896 -17
597 689 1
598 644 18
598 891 20
598 907 -9
599 740 10
599 943 17
600 630 -3
600 996 3
601 736 -1
601 871 -1
601 882 3
601 988 -10
602 630 6
602 749 -16
602 816 -2
602 862 19
602 946 -18
603 830 -3
603 833 -11
603 952 8
604 814 0
604 883 -1
604 931 -17
605 658 -9
605 915 -17
606 675 18
607 668 20
607 848 -18
608 665 17
608 870 -4
609 628 -9
609 656 2
609 700 12
609 726 -18
609 817 14
609 839 -1
610 743 12
610 937 -3
610 957 18
611 700 2
612 718 16
612 801 -9
612 912 -6
612 938 -13
613 616 20
613 951 10
614 712 -9
614 849 6
614 946 15
615 683 -18
615 687 -16
615 748 9
615 965 -17
616 692 -9
616 730 -17
616 820 4
616 875 -8
616 957 17
617 822 10
617 993 4
618 625 -6
618 832 -20
619 772 -5
621 735 0
621 745 -19
621 792 -11
621 845 -11
621 998 15
622 652 -3
622 992 -8
623 636 -18
623 820 5
623 850 -15
623 862 13
624 956 -13
625 811 13
625 829 1
625 950 5
627 644 19
627 827 20
628 776 -10
628 902 7
628 943 -15
629 647 -8
629 729 -16
629 957 19
630 761 -14
630 851 10
632 799 1
632 846 0
633 638 10
633 721 -12
634 663 -19
634 683 -19
634 862 -12
634 878 20
635 771 -8
636 695 -13
636 764 9
636 803 -7
637 668 8
637 699 -7
637 734 -17
637 783 -17
637 906 7
638 779 18
639 763 -14
639 806 -8
639 835 -10
639 929 -2
639 970 -19
640 644 16
640 698 -15
640 811 17
641 647 -11
641 910 19
642 917 -5
643 672 12
643 762 12
643 763 -7
643 797 -8
643 930 4
644 656 -13
644 674 9
644 790 3
644 993 -13
645 755 -2
645 840 -4
645 864 9
645 886 6
646 961 -3
646 970 -1
647 694 -3
647 880 3
648 672 16
648 794 18
648 806 -18
648 919 1
648 975 -3
649 922 -5
649 941 -19
650 791 2
650 871 16
650 880 5
650 885 -7
651 783 1
652 721 7
652 724 9
652 868 -9
652 894 16
652 958 -18
653 734 17
653 893 -15
653 912 -15
653 942 -9
654 715 -14
654 786 -17
655 888 1
656 790 -5
656 845 13
657 755 -12
657 914 -4
657 943 8
658 667 -19
658 725 10
658 947 3
659 683 20
659 761 16
661 742 1
661 767 -5
662 704 -4
662 930 -16
662 949 18
662 950 -19
663 777 -6
664 765 -7
665 741 -7
665 769 -3
665 845 -11
665 875 -2
666 776 9
666 795 -2
666 798 -8
666 921 -12
667 886 1
668 702 -16
668 887 2
668 888 20
668 937 -3
668 970 -10
669 701 -6
669 854 -10
669 889 -19
669 974 20
670 728 3
670 855 12
670 875 11
670 916 8
670 919 4
670 924 8
671 684 -18
672 682 1
672 880 -12
673 720 20
675 748 7
675 774 2
675 790 -10
676 921 11
676 992 5
677 729 -16
677 763 14
677 910 -17
677 930 17
678 753 17
679 844 16
679 944 13
680 798 10
680 855 -10
680 874 16
681 692 8
681 713 -20
681 758 9
682 779 -2
682 932 -10
683 690 17
683 783 -8
683 894 -5
684 766 -16
685 705 -10
685 780 -18
685 800 7
685 845 -7
686 861 16
686 936 13
686 965 -11
686 991 15
687 871 -7
688 721 -1
689 859 18
689 993 10
691 704 7
691 789 -2
691 873 -16
693 712 8
693 792 -5
693 943 -2
694 845 15
694 982 -2
695 720 3
695 852 -2
696 909 1
697 857 6
697 920 -9
697 998 10
698 727 -1
698 818 -20
698 866 14
699 949 7
699 956 -13
700 717 18
700 871 3
701 817 -20
701 922 -13
702 747 -19
702 784 -6
702 792 3
702 893 2
702 955 12
703 992 -3
704 988 -6
705 733 -3
705 771 -7
705 973 17
706 913 -2
707 821 -12
707 948 -9
708 785 -17
708 886 19
708 893 -10
708 990 -5
709 728 -17
709 747 0
709 752 10
709 839 -7
709 864 2
709 987 -1
710 764 14
712 756 11
712 821 16
713 749 16
713 887 -20
713 938 -15
714 724 16
714 735 12
714 799 12
715 736 3
715 761 5
715 877 -16
715 977 -6
716 785 3
716 822 7
717 886 -7
717 894 -6
718 753 5
718 773 14
718 989 -8
719 734 13
719 846 -18
719 871 4
720 773 -6
720 847 -10
720 998 2
721 736 8
721 866 -8
721 974 -16
723 724 3
723 828 5
723 837 -7
723 960 0
724 740 18
724 944 -2
725 854 0
725 949 -17
726 767 -8
727 831 -1
727 857 -11
728 882 -6
729 739 11
730 774 -12
730 944 10
731 867 5
732 760 3
732 821 6
732 850 4
732 889 1
732 930 19
732 939 6
733 778 14
733 930 -2
734 860 -11
734 917 -19
735 779 10
735 837 9
736 970 -15
737 819 -9
737 867 4
738 749 -10
738 807 -16
739 950 1
739 987 19
740 865 17
740 908 0
741 845 0
741 894 -1
741 941 -16
741 985 15
742 748 0
742 780 9
742 830 -10
743 909 -9
744 745 -11
744 797 13
744 888 13
745 853 11
745 878 9
745 944 -19
746 809 9
746 853 10
746 979 18
747 895 -16
748 979 -12
749 799 13
749 893 4
749 964 -12
749 998 13
750 757 -15
750 870 16
751 825 -12
751 830 -12
751 832 -14
752 918 -3
753 786 20
753 986 -14
754 778 -10
754 953 13
755 780 2
755 958 20
756 911 -19
756 960 1
756 983 6
757 780 1
757 866 5
759 786 -12
760 820 8
760 921 10
760 958 -10
762 768 13
762 801 -5
762 977 4
764 811 2
764 906 -5
765 768 6
765 805 15
765 889 -12
765 987 12
766 826 -7
766 831 15
767 944 -16
768 773 -1
768 856 -17
768 876 11
769 809 5
769 903 -12
769 957 -2
769 994 -4
771 847 18
773 883 18
773 941 -4
774 836 20
775 865 6
776 792 -12
777 865 -7
778 926 -16
778 990 -19
780 864 -3
780 994 15
781 797 -17
784 817 15
784 830 2
784 846 -7
784 870 16
784 884 -6
784 927 -9
784 931 15
785 803 -8
788 790 6
788 798 -20
789 794 -16
789 799 -19
789 918 17
790 906 5
790 911 -16
790 938 -10
791 932 1
792 794 13
792 921 11
793 796 -11
794 801 -15
794 991 -11
795 874 2
795 928 -15
796 827 11
796 903 9
796 955 1
799 807 19
799 850 18
801 965 -14
802 835 17
803 839 10
804 904 -14
805 831 -19
805 841 9
805 943 14
806 822 -9
806 917 -10
807 822 -11
807 845 5
807 898 -10
807 904 0
809 955 -20
809 962 10
811 822 16
812 837 -15
812 912 -5
813 881 -3
814 930 1
814 946 20
815 936 -16
815 980 14
817 821 17
818 841 7
818 927 19
819 981 -4
820 910 -4
820 971 -15
821 882 -4
823 984 20
824 877 -13
824 948 -7
827 924 -12
830 839 5
831 916 8
833 920 13
833 999 19
834 918 6
834 928 18
834 943 7
834 978 2
835 892 -5
837 917 14
839 872 -19
840 990 2
841 956 11
841 987 -8
842 966 -15
842 969 -6
843 854 -17
843 902 17
843 986 0
844 904 1
845 935 5
847 881 -13
848 870 3
848 982 3
849 956 2
850 855 -14
851 873 12
854 875 2
855 982 19
856 972 -11
857 863 10
857 871 0
857 962 -9
857 978 -14
859 881 18
860 878 -15
862 977 16
864 893 -17
865 968 -8
866 933 -3
866 961 -3
866 964 -11
872 925 -13
873 928 18
873 934 -3
874 898 15
875 879 12
875 902 15
876 910 -14
876 948 -11
876 960 3
877 999 17
878 904 -16
878 971 -16
881 966 19
883 931 6
888 969 10
888 975 19
889 945 16
892 910 20
892 961 -1
893 930 -16
894 978 -12
895 989 -5
898 942 19
898 982 10
899 985 6
899 997 -1
900 956 -16
901 958 -4
903 959 18
903 999 17
904 996 18
905 947 -20
906 990 7
907 966 -5
908 915 13
911 974 20
911 991 13
912 959 11
913 936 1
914 916 6
914 934 -14
917 952 -19
917 961 0
917 981 -9
919 983 -13
921 983 -13
924 972 -8
931 960 18
935 993 14
941 952 -6
943 997 -15
944 975 18
945 974 -7
951 966 15
953 965 18
954 989 -2
958 980 -12
966 972 -16
969 985 -4
970 980 -4
976 997 16
978 992 -7
988 997 -19
989 996 5
991 997 19
