0 90 -15
0 287 -1
0 446 3
1 106 -2
1 193 -20
1 212 -15
1 614 -8
1 851 -4
1 867 -7
2 124 0
2 160 -12
2 292 16
2 380 -3
2 731 -14
2 833 6
2 946 -7
3 268 -20
3 273 -16
3 934 -13
3 953 -13
3 979 -8
4 242 -18
4 315 13
4 340 -4
4 565 -20
4 575 4
4 756 16
5 20 10
5 52 -16
5 321 -1
5 468 12
5 516 16
5 678 12
5 844 15
6 89 -17
6 280 17
6 344 -2
7 298 16
7 594 5
7 642 -17
7 682 -20
7 927 14
7 955 -8
8 115 17
8 453 -6
8 876 -14
9 192 9
9 530 -18
9 694 16
9 927 12
10 51 1
10 393 2
10 856 -12
11 84 20
11 285 8
11 407 -6
11 594 -9
12 73 7
12 81 14
13 126 12
13 246 5
13 875 -12
14 506 -18
14 525 -5
14 645 9
14 820 -2
15 821 -15
15 971 13
15 995 13
16 123 -2
16 296 4
16 304 -6
16 473 -3
16 480 -10
17 55 16
17 570 -14
17 819 -17
18 242 -7
18 258 -7
18 264 14
18 449 -18
18 632 14
18 891 6
19 723 -12
19 903 2
20 126 10
20 441 15
21 242 16
22 320 15
22 547 -19
23 63 -14
23 604 -7
23 660 -12
23 891 -14
24 57 -17
24 122 -7
24 293 13
24 301 -8
24 450 -4
24 874 -15
24 887 13
25 116 -17
25 211 -15
25 363 13
25 539 -6
26 30 -19
26 59 16
26 180 -8
26 508 -3
26 618 -13
26 810 -5
26 892 13
26 970 2
27 596 -17
27 941 -16
28 395 -7
29 192 -10
29 419 8
30 139 -4
30 449 12
30 744 10
30 889 -6
31 160 -7
31 354 4
31 489 15
32 37 -4
32 286 -12
32 416 18
32 717 -15
33 162 9
33 428 -2
33 658 -7
33 692 -12
33 838 8
34 168 16
34 280 19
34 564 15
34 684 5
34 701 -5
34 825 17
35 98 -9
35 209 8
35 368 14
35 548 -16
35 554 20
35 725 11
35 988 20
36 285 -20
36 455 15
36 561 19
36 595 16
37 493 -11
37 504 6
37 897 6
37 898 8
37 923 3
38 361 19
38 414 -19
38 969 -13
38 999 0
39 463 -4
39 465 17
39 666 12
39 950 -20
39 961 -8
40 44 10
40 151 5
40 253 15
40 265 8
40 602 2
40 845 -18
40 952 10
41 180 3
41 214 -13
41 295 13
41 411 -2
41 742 2
41 761 -13
41 793 19
42 286 -14
42 293 -12
42 907 20
43 319 17
43 499 17
43 543 2
43 670 6
43 714 3
43 745 -3
43 767 13
44 160 2
44 427 10
44 566 -7
44 805 3
44 877 -11
44 954 -18
44 970 17
45 70 11
45 110 -5
45 492 2
46 752 -12
46 870 14
47 85 -13
47 91 4
47 385 -20
48 169 -20
48 194 6
48 651 19
48 798 18
49 93 0
49 257 11
49 280 13
49 659 -10
49 738 18
50 74 -2
50 694 -1
50 837 -14
51 187 0
51 389 4
51 736 0
51 788 -6
51 851 3
51 855 13
51 948 7
52 68 12
52 219 -7
52 308 -9
52 469 10
52 947 -12
53 530 13
54 89 3
54 291 -1
54 313 -1
54 857 10
55 503 -15
55 693 -13
56 57 -14
56 135 15
56 216 8
56 398 7
56 505 3
56 613 -18
56 988 -8
57 211 15
57 639 -2
57 816 -8
58 199 -9
58 702 19
58 982 15
59 219 -8
59 643 9
59 749 -16
59 752 6
59 810 -9
60 116 9
60 344 -2
60 433 -2
60 581 15
61 107 -20
61 914 12
61 916 4
62 351 9
62 908 -17
62 969 7
63 78 -11
63 254 -6
63 386 -12
63 630 20
64 395 2
65 468 16
65 604 1
65 665 11
65 898 -13
66 218 -6
67 75 3
67 383 17
67 455 20
67 609 6
68 133 -6
68 784 -13
68 901 -6
68 962 1
69 125 -13
69 418 -12
69 594 3
69 629 -17
69 701 17
70 507 5
70 814 -19
71 118 -10
71 215 11
71 315 10
71 324 18
71 373 -2
71 918 13
71 994 -13
72 287 -9
72 538 -1
72 668 -10
73 87 -2
73 368 -20
73 469 -16
73 654 12
73 851 6
73 908 1
74 76 -1
74 535 19
74 731 -5
74 830 18
74 914 10
75 479 17
75 930 20
76 116 4
76 163 7
76 431 1
77 249 12
79 961 11
80 194 -4
80 879 18
81 347 7
81 680 -16
81 792 -1
81 979 -5
82 224 4
82 308 -18
82 903 -6
83 272 16
83 595 -17
83 898 11
83 990 9
84 136 15
84 161 -1
84 236 -15
84 406 -14
84 708 20
85 454 -7
85 477 -1
85 807 -13
86 214 5
87 198 19
87 219 -4
87 274 9
87 796 -17
87 838 -19
87 910 12
88 116 10
88 137 -10
88 153 -19
88 254 6
88 443 -20
89 146 20
89 186 7
89 293 -11
90 425 -6
90 972 -15
91 129 9
91 169 5
91 183 20
91 300 3
91 420 -10
91 770 -14
91 827 -8
92 157 1
92 825 -2
93 409 17
93 612 -6
94 415 10
94 594 8
95 166 15
95 503 4
95 523 8
96 287 -14
96 428 0
96 493 18
96 755 -3
97 321 11
97 421 7
97 508 -5
98 231 -20
98 755 -3
99 293 -14
99 605 -7
100 137 -3
100 183 -4
100 515 -14
101 151 -17
101 510 -8
101 621 -14
102 419 -13
103 317 -14
103 456 16
103 483 5
103 894 -20
104 191 14
105 298 6
105 445 -8
106 167 -16
106 881 10
107 197 -17
107 862 6
108 219 -1
108 267 15
108 827 -9
108 840 -18
108 953 -16
109 293 -13
109 458 14
109 697 -18
109 785 13
109 811 6
109 815 -7
110 405 -6
110 839 -14
110 997 -12
111 601 8
111 609 15
111 644 -7
111 739 -6
111 792 8
112 920 -8
112 969 -10
113 277 -10
113 616 1
113 999 -6
114 238 -2
114 432 -13
114 466 -11
114 574 -18
114 766 4
115 519 -10
116 185 -18
117 192 -13
117 301 -10
118 358 14
118 478 13
118 944 -2
119 242 7
119 339 -18
119 655 5
120 494 -14
120 561 6
120 844 6
121 158 -13
121 278 -20
121 530 -16
121 745 -17
121 925 16
122 249 10
122 343 4
122 371 6
122 442 -1
122 515 17
122 524 2
122 714 -14
122 945 -11
123 281 -8
123 447 -8
123 607 9
123 894 18
124 268 -11
124 273 -16
124 618 -14
125 396 20
126 133 -20
126 376 -15
126 404 1
126 540 -5
126 610 -9
126 698 9
127 380 -9
127 416 14
127 466 -19
127 472 12
127 579 12
128 958 -18
130 611 10
130 967 -8
131 176 -10
131 262 7
131 365 -10
131 499 -8
131 751 -11
131 856 0
132 289 1
132 309 2
132 786 13
132 817 5
133 248 -20
133 407 10
133 496 -4
133 556 11
133 627 14
133 676 12
134 197 14
134 205 -9
134 339 11
135 668 11
136 409 2
136 558 2
136 954 -2
137 285 -13
137 384 11
137 444 -18
137 645 -13
138 387 -5
138 514 13
138 639 5
138 670 -11
138 852 4
139 242 -8
139 333 -10
139 405 13
139 694 -10
139 971 9
140 319 13
140 443 -12
140 515 -19
141 208 2
141 213 -12
141 265 -19
141 844 -14
142 329 -17
142 945 4
144 204 -17
144 226 0
144 313 8
144 920 -5
144 960 -18
145 525 -4
146 830 -8
147 272 -14
147 322 -19
147 710 1
147 759 -19
147 836 -18
147 955 -12
148 265 -1
148 828 5
148 861 13
149 153 11
149 707 19
149 797 -10
150 400 18
150 438 -4
150 772 10
151 364 10
151 373 1
151 396 -15
151 892 6
151 910 -13
152 162 -10
152 784 -16
152 845 -8
153 704 18
153 795 19
154 607 18
154 691 16
154 796 -14
155 238 -9
155 303 15
155 539 -1
155 557 3
155 628 18
156 546 18
157 839 4
157 987 -17
158 207 -2
158 425 4
158 852 13
158 862 4
159 586 -1
159 856 -16
160 215 -3
160 337 -6
160 442 15
160 728 -14
160 745 18
160 913 11
161 347 4
161 375 -5
161 387 -9
161 398 -14
161 531 5
161 866 -16
162 578 10
162 647 8
162 845 9
163 845 -1
165 225 0
165 252 -9
165 771 -14
166 180 -2
166 475 -6
166 879 -11
167 179 -11
167 744 -17
167 817 6
168 519 -18
168 616 -6
168 758 -9
169 484 0
169 764 2
170 686 7
171 432 -1
172 210 13
172 215 6
172 249 -15
172 659 2
172 701 3
172 726 -15
172 759 -9
172 935 7
173 674 7
173 922 -3
173 987 -2
174 919 -11
174 952 -15
175 403 -10
175 495 -18
175 663 -3
175 717 -5
175 827 15
176 306 -9
176 491 -1
176 674 -16
176 758 6
176 866 14
177 462 1
177 477 13
177 764 -15
177 858 11
178 416 11
178 458 5
178 467 -15
178 848 -17
178 870 -2
179 353 -7
179 366 9
179 459 8
181 597 11
181 599 -6
181 776 16
181 955 -7
182 532 19
182 771 -12
182 784 -3
182 895 5
183 279 -2
184 373 16
184 747 19
184 811 -20
184 963 -1
185 518 15
185 559 -12
186 203 -8
186 380 -8
186 410 11
186 474 -10
186 528 -17
186 720 -15
186 735 -5
186 866 -14
187 226 -20
187 413 0
187 420 -7
187 654 6
187 831 18
188 452 -12
188 493 -1
188 659 8
188 801 6
188 945 16
190 409 13
190 565 17
190 576 -4
190 593 -8
191 782 -4
191 879 -4
192 408 -12
192 676 2
193 671 16
194 239 -14
194 269 3
195 275 -2
195 326 4
196 391 -13
196 484 -4
196 839 13
196 917 4
197 267 -20
198 506 -19
199 209 9
199 430 0
199 702 -5
199 917 -13
200 617 13
200 877 -1
200 950 7
201 316 -20
201 337 -2
201 701 -14
201 708 13
201 964 -13
202 766 -16
202 965 -12
203 285 -5
203 582 -9
203 645 -4
203 851 -6
204 327 13
204 348 14
204 722 14
204 728 7
205 274 20
205 284 -8
205 433 -13
205 490 4
205 902 13
206 467 -15
207 240 -7
207 378 1
207 814 8
208 355 9
208 377 6
208 917 -12
208 985 -10
209 248 -4
209 625 -11
209 824 11
209 899 20
210 216 -7
210 378 -8
210 570 9
210 605 2
210 895 14
210 993 18
211 294 13
211 338 17
212 720 4
212 756 -4
212 967 -17
213 390 -9
213 401 -1
213 533 -17
214 286 16
214 568 -16
214 594 13
214 690 -2
215 247 18
215 372 15
215 861 -8
216 276 11
216 513 7
216 832 14
216 946 7
217 749 -11
217 910 -12
218 718 16
219 354 6
219 374 10
219 706 -13
221 345 -8
221 830 15
222 401 1
222 712 -17
223 224 -11
223 256 18
223 393 20
224 333 -2
224 565 -9
225 432 -17
225 582 0
225 787 -2
225 814 -8
226 679 20
227 324 -17
227 497 -13
227 716 -4
227 863 2
228 318 15
228 487 -16
228 679 -20
228 830 0
229 336 -1
229 415 0
229 422 -12
229 713 9
229 978 -12
229 982 15
229 985 12
230 295 -15
230 485 16
230 750 -5
230 753 -6
231 507 15
232 242 14
232 455 14
232 610 -10
232 692 -19
233 435 -11
233 657 2
233 811 -20
233 821 20
233 829 -13
233 980 10
234 411 -6
234 670 1
234 939 15
235 417 11
235 684 13
235 794 -18
235 952 10
236 663 13
236 772 9
236 784 -5
237 322 -11
237 463 18
237 651 -14
237 997 -9
238 301 -20
238 371 -10
238 838 15
239 307 -8
239 369 -3
239 490 -5
239 698 18
239 889 -13
240 325 -18
240 345 12
240 729 -1
240 754 14
240 815 7
240 970 12
241 322 18
241 460 5
241 477 -1
241 605 -8
241 930 -16
241 994 13
242 584 10
242 848 7
243 271 -19
243 985 15
244 525 2
244 547 13
244 798 -9
245 470 8
245 590 10
245 747 0
245 955 16
246 468 8
246 496 -8
246 860 -12
247 387 -6
247 669 10
247 883 -16
247 979 6
248 347 -18
248 474 -3
248 897 -6
249 432 20
250 450 -16
250 797 6
250 825 10
250 863 -17
251 259 15
251 287 4
251 369 12
251 434 -6
251 872 -10
252 281 18
252 601 -3
253 562 -16
253 855 2
254 861 19
255 585 -13
255 652 -20
255 685 0
255 890 -14
256 302 -2
257 430 -16
257 668 12
257 870 -13
258 502 -4
258 548 6
258 593 -16
258 799 -10
259 376 18
259 509 15
259 573 17
259 708 -5
260 826 -8
260 843 -8
261 386 -6
261 458 -10
261 685 -13
262 293 9
262 387 -14
262 823 -12
262 867 7
262 951 3
262 985 -11
263 658 -14
263 996 -12
264 803 -19
264 876 11
264 907 -10
265 348 16
265 457 -14
265 930 -17
266 568 -5
267 462 -12
267 693 11
267 909 7
268 350 -1
268 363 -13
268 766 9
268 860 -20
269 349 20
269 666 3
269 769 9
269 800 11
269 972 6
270 681 19
270 710 2
271 527 -10
271 545 19
271 609 9
271 747 -8
272 830 11
272 834 15
272 878 11
272 988 -12
273 413 6
273 742 1
274 546 -5
274 901 -18
275 614 -7
275 752 16
276 610 13
276 896 3
277 376 -10
277 446 -10
277 467 9
277 579 8
277 632 13
278 999 11
279 393 -4
279 503 -7
279 530 10
279 791 -2
279 814 15
280 550 17
280 655 0
280 766 12
280 961 14
281 295 16
281 532 6
281 611 4
281 669 8
281 886 -11
282 319 1
282 363 -5
282 530 -1
282 561 10
282 579 8
283 288 15
283 310 9
283 813 20
283 925 -15
284 840 2
284 854 19
284 913 18
284 922 12
285 394 -5
285 669 -4
285 722 20
286 468 20
286 674 -20
286 795 4
288 695 9
288 818 -3
288 966 13
289 480 -15
289 718 -2
289 755 -8
290 422 -16
290 438 -15
290 442 -12
290 770 -6
290 885 12
291 564 10
291 566 3
292 385 -20
292 611 -8
293 668 11
293 670 -11
293 826 9
293 961 -18
294 303 -3
294 384 11
294 646 -14
294 766 -14
294 972 -13
294 978 7
295 938 15
296 408 -11
296 812 -10
297 491 -17
297 725 -17
298 376 -13
298 586 -5
298 894 -20
298 929 -4
300 458 2
300 655 19
300 796 14
301 414 8
301 415 18
302 607 -6
302 854 -16
302 988 -1
303 580 -11
304 571 -8
305 324 -9
305 884 5
306 396 9
306 399 -17
306 461 5
306 508 -6
306 611 18
307 735 4
307 937 12
308 355 -11
308 463 -8
308 651 20
308 848 4
308 921 -1
308 951 4
309 504 5
309 688 6
309 825 12
309 959 1
309 967 5
310 585 -4
310 746 -2
310 871 -2
311 362 12
311 401 3
311 417 -20
311 476 0
311 786 7
311 816 17
311 968 13
312 576 18
312 920 -8
312 976 16
313 730 -3
313 753 2
313 787 15
314 445 3
314 875 -3
314 882 -10
315 542 -10
315 707 2
315 779 8
316 466 6
316 582 3
316 625 8
316 668 11
316 707 -14
316 798 9
317 348 1
317 704 16
317 711 -1
317 754 5
318 326 5
318 837 -17
318 904 17
320 324 7
320 562 -6
321 800 -7
321 840 5
321 926 9
321 945 -1
322 618 9
322 982 3
323 329 8
323 681 17
323 741 6
324 369 11
324 654 -16
324 891 -11
324 916 13
325 688 -16
325 939 -11
326 401 -12
326 640 -12
327 373 20
327 486 19
328 401 -4
328 436 17
329 823 -16
330 347 9
330 415 7
330 448 -15
330 732 -4
330 897 7
330 921 20
331 460 7
332 955 -3
333 466 -16
333 482 -2
333 796 18
333 863 3
334 640 -8
334 788 3
334 812 -5
334 901 11
335 423 10
335 863 15
336 460 4
336 748 -3
337 526 -14
337 738 -5
338 437 -17
338 444 12
338 448 12
338 824 15
338 885 -10
339 412 3
339 540 2
339 546 -19
341 484 -10
341 799 -11
342 612 4
342 662 8
342 664 1
342 908 -17
343 455 -11
343 638 -4
343 886 -7
344 416 16
344 852 -3
344 909 13
345 377 -3
345 861 -9
346 414 -20
346 839 -5
347 496 7
347 669 -2
347 671 -18
347 890 -10
348 436 11
348 909 2
349 610 0
350 947 19
351 570 -15
351 868 -16
352 952 -12
353 514 13
353 559 18
353 561 2
353 848 9
354 476 10
354 533 12
354 537 9
354 613 2
355 358 15
355 537 -6
355 613 3
355 806 -16
356 365 16
356 399 -15
356 618 12
356 817 -12
356 891 9
357 452 -11
357 496 5
357 756 13
357 901 -17
358 371 -19
358 544 10
358 757 -3
359 740 11
359 836 6
359 934 18
360 403 11
360 451 13
360 840 -18
361 496 9
361 752 20
362 459 -8
362 492 -10
362 643 9
363 557 9
363 699 -14
364 471 -2
364 870 -18
365 864 -17
366 445 -18
366 937 -19
367 646 -10
367 999 17
368 608 12
369 480 3
369 607 -12
369 712 -6
370 414 11
370 578 17
370 670 12
370 686 10
370 941 -8
371 500 -6
371 933 -9
372 695 15
373 478 -17
374 530 20
374 552 -10
375 395 0
375 540 -16
375 702 14
375 963 -3
376 677 0
376 737 16
376 931 13
377 612 14
377 943 -9
378 928 1
379 385 -17
379 895 12
380 420 4
380 551 -8
382 428 9
382 885 -18
383 594 -15
383 930 -14
384 844 18
385 649 -20
385 857 -10
386 593 16
386 717 18
386 781 -7
386 952 13
387 628 -15
387 880 20
389 473 -12
389 818 19
389 925 17
390 583 17
390 788 14
391 747 -14
391 851 -1
391 898 5
392 556 19
392 996 -3
393 539 1
393 872 -17
394 446 5
394 525 3
394 578 -5
394 758 15
394 997 20
396 428 -5
396 925 8
397 427 18
397 970 5
398 661 -2
399 510 9
399 871 -3
401 560 1
401 852 9
401 929 13
401 938 17
401 955 -1
402 826 7
402 952 14
403 483 17
403 486 -19
403 567 -4
403 572 12
403 587 -1
403 729 -18
403 756 6
404 545 7
404 927 13
404 929 3
405 413 13
405 982 1
406 459 1
406 514 -6
406 555 1
407 421 -12
407 465 -19
407 547 17
407 752 12
407 821 20
408 565 17
408 603 5
408 618 -14
409 525 17
409 741 19
409 758 -2
409 787 -18
410 446 0
410 544 14
411 627 -13
411 927 2
412 465 -9
412 589 -5
412 786 15
412 904 20
413 688 17
413 847 13
414 522 3
414 560 -14
415 420 -19
415 966 15
415 968 -6
416 762 -6
417 504 15
417 590 12
417 711 -7
417 791 -9
418 472 20
418 619 -20
419 488 -20
420 870 -10
421 695 15
421 754 2
421 902 -20
424 516 14
424 624 -8
424 790 -15
424 857 14
424 898 -13
426 867 4
426 946 5
427 729 3
427 796 19
428 453 -11
428 602 12
428 956 -19
429 549 20
429 866 18
429 985 -16
430 701 -2
430 750 5
432 566 -11
433 682 3
433 900 -12
434 462 5
434 480 3
434 884 -1
435 572 8
435 690 11
435 790 -8
436 737 17
436 747 9
438 478 -2
438 622 4
438 741 12
439 716 -14
439 872 -10
440 625 6
440 727 14
440 777 16
440 880 -12
443 657 -5
443 666 6
443 710 -1
444 571 -16
444 589 -4
444 895 3
445 533 -1
445 815 -17
445 887 20
446 760 18
447 835 15
447 949 3
448 727 11
448 831 -5
449 635 1
450 704 -12
451 968 8
452 769 -10
452 798 3
453 532 7
453 622 9
453 852 -16
454 578 -18
456 461 -12
456 530 -5
456 632 19
456 866 -13
456 904 10
456 939 14
458 478 17
458 522 14
458 524 -6
458 671 -10
458 935 -5
459 642 16
459 694 -11
461 645 -2
461 794 8
462 499 -18
462 989 -3
463 542 12
463 610 -20
463 920 -14
464 593 -7
464 684 -18
464 801 -15
464 862 -7
465 470 19
465 628 20
465 770 -18
465 849 -12
466 531 14
466 767 0
467 580 -18
468 920 -16
468 968 19
469 807 4
470 707 -10
470 708 17
472 497 20
472 572 -17
472 997 9
473 526 11
473 540 4
473 759 9
474 591 -6
474 623 12
474 771 -6
475 540 12
475 601 -7
475 730 -3
475 807 -7
476 696 -8
476 909 -10
477 737 -15
477 758 9
478 860 0
478 909 -17
478 948 19
479 550 10
479 654 15
480 777 13
481 769 -13
482 510 13
482 708 -16
482 848 3
482 907 13
483 702 -5
483 767 20
484 921 -15
484 953 9
485 783 -14
486 614 13
486 619 19
486 660 19
487 638 8
488 513 -9
488 997 13
489 530 4
489 775 -8
489 824 -19
490 654 -11
491 573 19
491 616 12
491 672 -19
491 892 -11
492 557 -1
492 589 -14
492 998 -17
493 551 2
493 585 -2
493 632 -2
493 647 8
493 655 15
493 999 -18
495 699 18
496 577 -9
497 533 -20
497 719 0
498 648 17
498 742 -11
499 523 -1
499 528 3
499 583 -10
499 767 18
500 729 -7
500 781 12
500 798 -4
500 838 -8
502 833 18
502 881 14
502 916 -11
502 926 -20
503 747 8
503 913 -2
504 593 14
504 775 -15
504 837 3
504 976 -17
507 537 -11
507 606 9
507 643 2
507 793 -8
508 788 -1
508 921 -15
509 565 -10
509 679 14
509 798 -7
509 856 -7
510 959 -17
511 701 16
512 749 -16
512 826 15
513 845 -3
513 961 20
514 927 18
514 933 4
515 538 -18
515 592 -20
516 849 2
516 894 5
516 981 19
517 850 -3
519 530 18
519 843 7
519 997 14
520 695 10
520 698 15
521 890 -9
521 969 11
523 566 -6
523 736 5
523 750 -20
523 861 9
523 869 19
523 940 -16
524 706 13
524 728 16
526 804 13
527 945 14
528 576 -8
528 879 20
529 686 -18
529 973 16
529 991 -19
531 740 11
532 809 2
533 935 -16
533 993 18
534 683 14
534 731 -10
535 872 -17
536 736 7
536 737 6
536 849 -20
536 979 0
537 796 -2
537 817 -15
538 856 18
539 903 10
540 545 -8
540 875 -8
541 884 15
541 904 -15
541 949 3
542 845 -19
543 605 -4
544 759 10
545 565 -16
545 604 3
545 856 13
547 759 13
548 616 -5
548 786 15
548 950 18
548 985 20
549 977 3
550 872 4
550 942 -11
553 599 4
553 622 -18
554 695 -1
554 785 -14
554 816 0
555 878 10
556 879 16
557 594 9
557 656 14
557 682 6
557 738 -10
557 840 -4
557 886 -8
557 908 -18
557 985 6
558 922 16
559 571 4
559 680 13
559 739 3
560 687 20
561 842 4
562 987 18
563 700 13
563 841 15
564 736 -2
564 824 15
565 987 -9
566 623 -5
567 887 5
568 629 16
568 677 18
568 870 6
569 732 8
569 882 -11
569 910 -7
571 615 -14
571 824 19
571 891 15
571 933 -3
572 762 4
574 700 -13
574 834 1
574 857 -4
575 619 18
575 653 -5
575 768 -13
575 802 -8
575 950 19
577 977 -10
578 762 -12
579 746 -5
580 760 -9
580 814 -3
580 861 1
581 585 -16
581 821 -3
581 977 13
582 806 2
582 897 2
583 870 10
584 821 3
585 590 -3
585 676 -12
585 706 5
585 707 -16
586 664 -1
587 721 13
587 725 -17
587 858 14
587 865 -8
587 977 0
588 749 1
589 675 19
589 999 5
591 612 11
591 788 10
591 845 6
591 872 -15
592 757 16
593 773 -14
593 864 -14
593 907 12
593 973 17
595 719 -14
595 734 17
596 645 0
596 839 5
596 881 8
599 711 0
599 755 -8
600 785 11
600 966 -9
600 984 18
602 662 -4
603 632 6
605 616 11
605 681 0
605 957 -18
606 743 5
606 931 16
606 993 12
607 756 8
608 609 -14
608 659 -3
608 945 -6
609 619 4
609 639 1
610 616 13
610 626 15
610 936 -2
611 717 16
611 810 1
611 977 8
612 720 11
612 801 5
612 997 8
613 796 7
613 882 -5
613 985 9
614 684 -4
616 716 -15
616 775 6
617 858 -2
618 990 17
619 680 -17
619 722 14
619 803 11
620 691 7
620 996 16
621 662 8
621 664 -7
622 668 15
622 711 16
624 903 -2
625 943 1
626 822 13
627 638 2
628 771 -9
628 889 15
629 739 5
629 881 14
631 695 -19
631 743 11
631 873 -8
632 735 10
632 752 -19
632 774 19
632 854 -1
633 810 17
634 983 14
635 658 5
635 663 2
635 731 0
635 789 -1
636 677 11
638 662 18
639 809 1
639 824 11
640 658 13
640 924 -6
641 750 19
642 931 12
642 988 0
643 645 -12
643 952 7
645 891 -12
646 878 8
647 799 19
648 681 8
648 715 11
649 910 -20
650 692 12
650 839 8
651 712 15
651 795 10
652 823 17
653 826 -8
654 693 -1
656 865 14
656 875 15
657 738 -19
657 940 -6
659 665 5
659 756 -10
659 842 -6
660 838 6
660 847 7
660 859 4
661 667 15
662 843 18
662 871 -15
663 816 -7
666 803 -19
667 773 9
667 941 5
668 957 -13
669 725 -4
669 761 6
670 846 2
670 861 19
672 855 -1
672 917 20
673 698 -19
673 722 -9
673 731 12
673 748 -6
673 881 -6
678 863 16
678 952 -8
678 974 13
680 715 18
681 699 -7
681 770 -4
682 726 20
682 961 14
684 806 -3
686 817 -13
687 764 0
687 894 -3
688 850 7
690 851 13
690 980 -9
693 852 6
693 881 -18
693 992 15
694 904 -12
695 718 -15
695 822 -4
695 828 11
695 909 -4
696 794 -15
697 706 12
698 915 19
699 708 20
700 708 -9
700 912 -20
701 742 -8
701 861 12
702 709 -8
702 836 13
703 755 18
703 921 -8
704 714 -10
704 918 5
705 712 14
705 871 -14
706 821 -4
706 922 11
707 980 -15
710 926 7
712 759 -2
712 968 -10
712 997 -15
713 923 3
715 771 6
715 879 7
716 864 -13
718 943 14
719 886 17
719 955 14
720 787 -19
721 933 -17
722 778 -3
722 905 15
724 782 5
724 785 -17
724 813 8
725 788 3
725 949 6
726 884 -14
727 995 -19
728 730 -11
729 761 7
730 769 11
730 997 10
731 842 12
731 992 -5
734 872 13
735 996 -20
736 923 19
737 894 -12
738 822 -20
739 748 -2
739 778 0
740 775 7
741 813 6
743 833 4
743 858 -19
743 979 -3
744 820 -7
745 887 7
747 988 -10
748 831 11
748 952 -7
748 983 -6
750 856 -18
751 773 20
751 788 10
754 850 18
755 873 12
755 953 -12
755 962 10
756 966 6
757 806 16
758 935 18
760 901 6
760 949 -4
761 873 -20
761 927 11
763 949 -16
764 839 -8
765 773 2
765 809 7
765 916 17
766 958 -2
766 999 4
767 924 -2
767 958 15
768 903 8
771 783 -4
771 947 10
772 849 16
774 797 7
774 944 0
775 930 -3
776 813 20
777 845 12
778 910 20
778 928 -3
782 909 18
782 910 -12
782 922 -9
782 999 1
783 795 15
783 844 19
784 815 -3
784 872 19
784 949 -6
787 978 8
789 797 12
790 987 8
793 866 -19
793 872 -16
793 896 -3
793 914 3
794 851 5
797 825 4
800 821 -6
800 968 -7
801 827 8
803 941 5
804 926 12
805 990 12
810 976 -12
811 835 15
813 940 -1
814 917 13
815 837 -10
815 962 12
816 935 20
823 961 -15
824 912 14
827 867 -4
831 866 -11
833 950 1
834 910 -12
835 996 -18
839 957 -9
840 909 -3
845 850 20
846 897 20
847 876 6
847 939 11
851 879 -14
851 946 13
854 992 3
856 886 -1
857 867 16
857 933 -7
857 990 -3
858 883 11
859 930 19
860 939 10
861 995 -5
862 864 1
862 871 12
862 888 12
864 993 15
867 900 -14
869 993 -10
874 898 20
876 877 2
877 995 10
878 938 -19
884 963 -5
885 888 9
886 932 -4
890 987 -19
898 936 7
902 968 -19
903 928 10
907 930 12
908 951 -6
912 923 -17
916 959 -9
916 964 11
933 954 18
938 972 17
942 998 8
945 994 8
946 952 17
957 958 -12
960 964 19
972 976 6
