0 1 10
0 2 12
0 3 3
0 4 -19
0 5 8
0 6 -12
0 7 -10
0 8 6
0 9 -14
0 10 13
0 11 -4
0 12 3
0 13 17
0 14 16
0 15 7
0 16 -11
0 17 0
0 18 -1
0 19 -5
0 20 -8
0 21 19
0 22 7
0 23 -17
0 24 7
0 25 7
0 26 7
0 27 18
0 28 -18
0 29 -15
0 30 11
0 31 16
0 32 3
0 33 16
0 34 -10
0 35 6
0 36 17
0 37 13
0 38 14
0 39 1
0 40 4
0 41 2
0 42 12
0 43 -12
0 44 16
0 45 -18
0 46 13
0 47 -10
0 48 -18
0 49 12
0 50 -12
0 51 13
0 52 2
0 53 20
0 54 3
0 55 6
0 56 18
0 57 6
0 58 -8
0 59 11
0 60 -12
0 61 4
0 62 19
0 63 -7
0 64 19
0 65 -14
0 66 9
0 67 -7
0 68 -5
0 69 -8
0 70 5
0 71 -19
0 72 -3
0 73 -17
0 74 -5
0 75 -4
0 76 18
0 77 -3
0 78 -3
0 79 11
0 80 -7
0 81 -3
0 82 -11
0 83 -3
0 84 -4
0 85 8
0 86 13
0 87 7
0 88 -3
0 89 -20
0 90 19
0 91 3
0 92 0
0 93 15
0 94 -4
0 95 10
0 96 10
0 97 -13
0 98 16
0 99 2
1 2 -14
1 3 -4
1 4 -2
1 5 -7
1 6 11
1 7 18
1 8 19
1 9 18
1 10 -12
1 11 -11
1 12 7
1 13 -18
1 14 -1
1 15 -20
1 16 1
1 17 9
1 18 6
1 19 6
1 20 -6
1 21 -9
1 22 15
1 23 9
1 24 11
1 25 9
1 26 4
1 27 9
1 28 16
1 29 6
1 30 -13
1 31 -14
1 32 7
1 33 3
1 34 8
1 35 13
1 36 -8
1 37 10
1 38 2
1 39 5
1 40 1
1 41 17
1 42 2
1 43 10
1 44 -17
1 45 20
1 46 -18
1 47 -8
1 48 -15
1 49 12
1 50 -9
1 51 -9
1 52 -1
1 53 -3
1 54 20
1 55 7
1 56 15
1 57 2
1 58 -3
1 59 15
1 60 -8
1 61 14
1 62 5
1 63 2
1 64 -15
1 65 11
1 66 9
1 67 10
1 68 -6
1 69 10
1 70 -13
1 71 -16
1 72 19
1 73 7
1 74 -2
1 75 -13
1 76 -11
1 77 -4
1 78 16
1 79 7
1 80 5
1 81 15
1 82 15
1 83 -11
1 84 7
1 85 6
1 86 17
1 87 -16
1 88 17
1 89 14
1 90 6
1 91 19
1 92 -8
1 93 6
1 94 -16
1 95 6
1 96 -10
1 97 -11
1 98 14
1 99 -11
2 3 -12
2 4 0
2 5 2
2 6 5
2 7 7
2 8 9
2 9 -17
2 10 -13
2 11 -12
2 12 -12
2 13 18
2 14 -9
2 15 -14
2 16 -9
2 17 -14
2 18 17
2 19 12
2 20 -3
2 21 9
2 22 8
2 23 17
2 24 20
2 25 5
2 26 13
2 27 7
2 28 12
2 29 -5
2 30 0
2 31 18
2 32 -9
2 33 14
2 34 7
2 35 -3
2 36 3
2 37 17
2 38 -9
2 39 5
2 40 -5
2 41 20
2 42 4
2 43 6
2 44 -16
2 45 10
2 46 2
2 47 -3
2 48 -19
2 49 11
2 50 -11
2 51 1
2 52 8
2 53 -12
2 54 -12
2 55 2
2 56 -4
2 57 -1
2 58 -4
2 59 7
2 60 13
2 61 -18
2 62 -3
2 63 -8
2 64 11
2 65 -9
2 66 -5
2 67 -20
2 68 7
2 69 13
2 70 4
2 71 5
2 72 14
2 73 9
2 74 -17
2 75 -12
2 76 -2
2 77 -14
2 78 10
2 79 6
2 80 -13
2 81 -20
2 82 -20
2 83 16
2 84 4
2 85 14
2 86 -9
2 87 -11
2 88 2
2 89 -12
2 90 6
2 91 16
2 92 1
2 93 -9
2 94 -4
2 95 15
2 96 -1
2 97 -13
2 98 7
2 99 15
3 4 -17
3 5 14
3 6 17
3 7 -1
3 8 0
3 9 -7
3 10 2
3 11 -20
3 12 8
3 13 -4
3 14 15
3 15 6
3 16 -19
3 17 19
3 18 -19
3 19 15
3 20 9
3 21 4
3 22 -20
3 23 -18
3 24 -15
3 25 -20
3 26 -19
3 27 13
3 28 12
3 29 3
3 30 1
3 31 5
3 32 -20
3 33 -6
3 34 11
3 35 17
3 36 -4
3 37 13
3 38 7
3 39 -4
3 40 -20
3 41 -8
3 42 12
3 43 19
3 44 3
3 45 13
3 46 9
3 47 20
3 48 -6
3 49 10
3 50 -8
3 51 13
3 52 -17
3 53 -5
3 54 -16
3 55 -6
3 56 15
3 57 3
3 58 -1
3 59 -16
3 60 -5
3 61 -10
3 62 -9
3 63 -15
3 64 1
3 65 12
3 66 -4
3 67 16
3 68 9
3 69 16
3 70 12
3 71 20
3 72 7
3 73 -13
3 74 18
3 75 -16
3 76 15
3 77 17
3 78 -9
3 79 17
3 80 -3
3 81 17
3 82 -4
3 83 -12
3 84 12
3 85 -2
3 86 -19
3 87 20
3 88 -16
3 89 5
3 90 4
3 91 13
3 92 -11
3 93 18
3 94 -12
3 95 -1
3 96 9
3 97 -11
3 98 14
3 99 -7
4 5 -11
4 6 15
4 7 2
4 8 -9
4 9 -18
4 10 12
4 11 6
4 12 5
4 13 12
4 14 -11
4 15 -17
4 16 -14
4 17 -17
4 18 6
4 19 -15
4 20 -14
4 21 12
4 22 -15
4 23 -8
4 24 1
4 25 10
4 26 -16
4 27 20
4 28 -11
4 29 -15
4 30 -10
4 31 9
4 32 16
4 33 -8
4 34 -11
4 35 18
4 36 -8
4 37 -9
4 38 1
4 39 -13
4 40 -10
4 41 -15
4 42 -12
4 43 -19
4 44 4
4 45 10
4 46 20
4 47 -9
4 48 -12
4 49 -16
4 50 -14
4 51 17
4 52 -19
4 53 -20
4 54 12
4 55 7
4 56 3
4 57 12
4 58 4
4 59 -16
4 60 -11
4 61 -18
4 62 19
4 63 18
4 64 -17
4 65 -12
4 66 1
4 67 17
4 68 11
4 69 0
4 70 12
4 71 -7
4 72 -2
4 73 4
4 74 14
4 75 11
4 76 17
4 77 -4
4 78 20
4 79 14
4 80 3
4 81 9
4 82 -19
4 83 -15
4 84 1
4 85 -18
4 86 -10
4 87 -16
4 88 -5
4 89 17
4 90 11
4 91 -15
4 92 -9
4 93 18
4 94 12
4 95 18
4 96 -20
4 97 6
4 98 15
4 99 -15
5 6 -10
5 7 6
5 8 0
5 9 -19
5 10 5
5 11 -13
5 12 19
5 13 8
5 14 -16
5 15 -12
5 16 -17
5 17 19
5 18 9
5 19 1
5 20 6
5 21 16
5 22 7
5 23 5
5 24 20
5 25 -7
5 26 -20
5 27 -4
5 28 8
5 29 -3
5 30 -8
5 31 -9
5 32 6
5 33 -18
5 34 15
5 35 -2
5 36 -4
5 37 20
5 38 5
5 39 6
5 40 -6
5 41 -20
5 42 4
5 43 15
5 44 -4
5 45 -15
5 46 15
5 47 17
5 48 11
5 49 -6
5 50 -15
5 51 20
5 52 7
5 53 2
5 54 12
5 55 8
5 56 12
5 57 -18
5 58 18
5 59 13
5 60 7
5 61 -6
5 62 16
5 63 -1
5 64 1
5 65 -12
5 66 10
5 67 -4
5 68 4
5 69 -3
5 70 2
5 71 9
5 72 14
5 73 2
5 74 -19
5 75 -9
5 76 -5
5 77 -16
5 78 -14
5 79 -18
5 80 -1
5 81 -20
5 82 15
5 83 -20
5 84 4
5 85 4
5 86 -9
5 87 14
5 88 -12
5 89 -12
5 90 -14
5 91 -7
5 92 -8
5 93 16
5 94 0
5 95 9
5 96 10
5 97 -8
5 98 16
5 99 -12
6 7 18
6 8 0
6 9 -6
6 10 9
6 11 -6
6 12 -4
6 13 19
6 14 -7
6 15 -15
6 16 -8
6 17 10
6 18 -17
6 19 -19
6 20 18
6 21 -16
6 22 20
6 23 13
6 24 15
6 25 -17
6 26 15
6 27 -6
6 28 0
6 29 20
6 30 1
6 31 -19
6 32 -1
6 33 -9
6 34 -14
6 35 3
6 36 -2
6 37 1
6 38 -3
6 39 13
6 40 -2
6 41 1
6 42 6
6 43 1
6 44 -20
6 45 -5
6 46 -3
6 47 -12
6 48 0
6 49 2
6 50 7
6 51 -11
6 52 15
6 53 16
6 54 3
6 55 5
6 56 -3
6 57 -5
6 58 -14
6 59 -7
6 60 0
6 61 3
6 62 -19
6 63 1
6 64 -1
6 65 20
6 66 -1
6 67 -20
6 68 -15
6 69 20
6 70 -16
6 71 -19
6 72 19
6 73 -4
6 74 17
6 75 3
6 76 8
6 77 -14
6 78 6
6 79 19
6 80 10
6 81 8
6 82 -8
6 83 -12
6 84 -17
6 85 20
6 86 2
6 87 -20
6 88 10
6 89 4
6 90 14
6 91 -18
6 92 -3
6 93 -7
6 94 4
6 95 8
6 96 9
6 97 -8
6 98 -17
6 99 -16
7 8 10
7 9 15
7 10 9
7 11 -10
7 12 -10
7 13 -19
7 14 0
7 15 17
7 16 8
7 17 -17
7 18 -19
7 19 -9
7 20 -2
7 21 16
7 22 20
7 23 -2
7 24 -8
7 25 -20
7 26 -9
7 27 -3
7 28 -3
7 29 -3
7 30 14
7 31 7
7 32 -13
7 33 -12
7 34 -10
7 35 -18
7 36 10
7 37 18
7 38 16
7 39 -12
7 40 -4
7 41 16
7 42 9
7 43 -5
7 44 -18
7 45 -6
7 46 16
7 47 9
7 48 -17
7 49 15
7 50 20
7 51 -7
7 52 -13
7 53 -3
7 54 12
7 55 14
7 56 14
7 57 3
7 58 -6
7 59 19
7 60 -12
7 61 7
7 62 -7
7 63 -3
7 64 -3
7 65 -8
7 66 19
7 67 3
7 68 18
7 69 1
7 70 19
7 71 -17
7 72 1
7 73 6
7 74 7
7 75 9
7 76 -5
7 77 14
7 78 -2
7 79 -7
7 80 19
7 81 4
7 82 13
7 83 -20
7 84 9
7 85 -16
7 86 14
7 87 15
7 88 -19
7 89 1
7 90 0
7 91 3
7 92 -18
7 93 -15
7 94 -7
7 95 -13
7 96 -12
7 97 19
7 98 7
7 99 5
8 9 -9
8 10 3
8 11 -3
8 12 0
8 13 -8
8 14 12
8 15 6
8 16 -4
8 17 9
8 18 -10
8 19 8
8 20 13
8 21 -8
8 22 7
8 23 -10
8 24 9
8 25 -12
8 26 -2
8 27 -16
8 28 -9
8 29 17
8 30 15
8 31 -6
8 32 4
8 33 16
8 34 -2
8 35 -2
8 36 8
8 37 -12
8 38 -7
8 39 -15
8 40 9
8 41 -8
8 42 16
8 43 5
8 44 8
8 45 3
8 46 -13
8 47 0
8 48 -20
8 49 -5
8 50 11
8 51 10
8 52 -20
8 53 -4
8 54 -19
8 55 2
8 56 13
8 57 15
8 58 -1
8 59 -4
8 60 -11
8 61 -18
8 62 2
8 63 7
8 64 17
8 65 20
8 66 -19
8 67 20
8 68 4
8 69 -2
8 70 15
8 71 9
8 72 -6
8 73 6
8 74 -4
8 75 11
8 76 12
8 77 -3
8 78 -20
8 79 -9
8 80 19
8 81 -1
8 82 -15
8 83 18
8 84 -9
8 85 9
8 86 10
8 87 20
8 88 -8
8 89 2
8 90 -13
8 91 1
8 92 -4
8 93 -11
8 94 17
8 95 17
8 96 4
8 97 -3
8 98 -17
8 99 1
9 10 -3
9 11 -5
9 12 -3
9 13 7
9 14 -7
9 15 -2
9 16 2
9 17 -4
9 18 -12
9 19 -1
9 20 12
9 21 11
9 22 -9
9 23 4
9 24 -4
9 25 -19
9 26 16
9 27 4
9 28 -15
9 29 -16
9 30 -18
9 31 0
9 32 -14
9 33 3
9 34 -8
9 35 -18
9 36 -2
9 37 -16
9 38 5
9 39 -2
9 40 -2
9 41 1
9 42 15
9 43 3
9 44 16
9 45 -16
9 46 -18
9 47 16
9 48 3
9 49 13
9 50 15
9 51 3
9 52 -11
9 53 17
9 54 18
9 55 -15
9 56 12
9 57 2
9 58 -12
9 59 9
9 60 -18
9 61 -20
9 62 17
9 63 -6
9 64 6
9 65 15
9 66 3
9 67 20
9 68 -18
9 69 8
9 70 -18
9 71 5
9 72 -5
9 73 -5
9 74 11
9 75 4
9 76 19
9 77 6
9 78 18
9 79 8
9 80 -8
9 81 -20
9 82 6
9 83 -16
9 84 16
9 85 14
9 86 -9
9 87 -1
9 88 10
9 89 1
9 90 -18
9 91 14
9 92 -9
9 93 6
9 94 -18
9 95 -2
9 96 16
9 97 17
9 98 2
9 99 9
10 11 11
10 12 10
10 13 -13
10 14 14
10 15 -12
10 16 11
10 17 4
10 18 17
10 19 -6
10 20 13
10 21 -12
10 22 3
10 23 -14
10 24 15
10 25 -2
10 26 -2
10 27 -5
10 28 -7
10 29 12
10 30 20
10 31 9
10 32 -3
10 33 -1
10 34 -8
10 35 1
10 36 -2
10 37 -14
10 38 -14
10 39 -7
10 40 -6
10 41 -20
10 42 5
10 43 -17
10 44 -10
10 45 -16
10 46 3
10 47 -19
10 48 3
10 49 18
10 50 -1
10 51 -9
10 52 6
10 53 11
10 54 -19
10 55 15
10 56 -17
10 57 17
10 58 13
10 59 14
10 60 16
10 61 -14
10 62 -9
10 63 6
10 64 16
10 65 -17
10 66 -15
10 67 18
10 68 4
10 69 -17
10 70 20
10 71 -5
10 72 4
10 73 4
10 74 -5
10 75 2
10 76 4
10 77 -5
10 78 18
10 79 -5
10 80 12
10 81 -15
10 82 13
10 83 -10
10 84 15
10 85 -17
10 86 2
10 87 11
10 88 4
10 89 -5
10 90 -12
10 91 -19
10 92 6
10 93 16
10 94 18
10 95 -16
10 96 -15
10 97 -18
10 98 2
10 99 -2
11 12 1
11 13 -8
11 14 14
11 15 18
11 16 -15
11 17 -9
11 18 -17
11 19 -13
11 20 -12
11 21 -4
11 22 -15
11 23 -19
11 24 -19
11 25 -14
11 26 14
11 27 7
11 28 -16
11 29 13
11 30 9
11 31 10
11 32 -10
11 33 -15
11 34 2
11 35 6
11 36 11
11 37 5
11 38 8
11 39 20
11 40 -11
11 41 -17
11 42 15
11 43 -10
11 44 -1
11 45 6
11 46 8
11 47 -11
11 48 16
11 49 -16
11 50 -12
11 51 17
11 52 1
11 53 -19
11 54 3
11 55 -2
11 56 7
11 57 0
11 58 19
11 59 7
11 60 -7
11 61 11
11 62 -11
11 63 -17
11 64 12
11 65 0
11 66 -1
11 67 9
11 68 19
11 69 16
11 70 -19
11 71 -6
11 72 13
11 73 19
11 74 7
11 75 20
11 76 -2
11 77 6
11 78 18
11 79 0
11 80 20
11 81 -10
11 82 -17
11 83 13
11 84 -15
11 85 -5
11 86 8
11 87 -12
11 88 -11
11 89 10
11 90 18
11 91 8
11 92 19
11 93 -12
11 94 18
11 95 -5
11 96 -15
11 97 -5
11 98 -9
11 99 8
12 13 12
12 14 -1
12 15 6
12 16 7
12 17 -8
12 18 14
12 19 19
12 20 12
12 21 11
12 22 10
12 23 18
12 24 11
12 25 4
12 26 1
12 27 13
12 28 16
12 29 -3
12 30 -15
12 31 19
12 32 11
12 33 -9
12 34 -20
12 35 5
12 36 14
12 37 18
12 38 3
12 39 -10
12 40 -6
12 41 4
12 42 14
12 43 1
12 44 -2
12 45 -1
12 46 11
12 47 4
12 48 -5
12 49 -8
12 50 -14
12 51 -16
12 52 1
12 53 -3
12 54 -10
12 55 -2
12 56 -14
12 57 9
12 58 -1
12 59 8
12 60 -17
12 61 3
12 62 -17
12 63 1
12 64 -17
12 65 16
12 66 0
12 67 7
12 68 18
12 69 -13
12 70 -3
12 71 14
12 72 -14
12 73 6
12 74 -10
12 75 -8
12 76 -3
12 77 15
12 78 20
12 79 -7
12 80 -6
12 81 -1
12 82 -18
12 83 -15
12 84 19
12 85 -19
12 86 -6
12 87 7
12 88 0
12 89 -4
12 90 9
12 91 -15
12 92 19
12 93 18
12 94 -20
12 95 14
12 96 1
12 97 -20
12 98 -12
12 99 -6
13 14 -3
13 15 10
13 16 7
13 17 -3
13 18 6
13 19 -19
13 20 18
13 21 -19
13 22 -2
13 23 -17
13 24 -10
13 25 -19
13 26 -3
13 27 3
13 28 14
13 29 -19
13 30 19
13 31 16
13 32 -9
13 33 3
13 34 4
13 35 0
13 36 9
13 37 16
13 38 0
13 39 -8
13 40 0
13 41 -5
13 42 -10
13 43 13
13 44 14
13 45 -20
13 46 -8
13 47 -18
13 48 8
13 49 3
13 50 18
13 51 13
13 52 -18
13 53 9
13 54 9
13 55 0
13 56 17
13 57 -10
13 58 19
13 59 -15
13 60 -11
13 61 -5
13 62 -4
13 63 -16
13 64 -15
13 65 20
13 66 5
13 67 14
13 68 -7
13 69 -18
13 70 1
13 71 -16
13 72 4
13 73 -6
13 74 20
13 75 -3
13 76 13
13 77 -19
13 78 -9
13 79 3
13 80 16
13 81 -10
13 82 -16
13 83 19
13 84 -16
13 85 3
13 86 4
13 87 17
13 88 10
13 89 -14
13 90 -13
13 91 17
13 92 -7
13 93 2
13 94 -11
13 95 16
13 96 5
13 97 19
13 98 10
13 99 16
14 15 5
14 16 -11
14 17 9
14 18 -14
14 19 -10
14 20 3
14 21 -7
14 22 -13
14 23 -7
14 24 -4
14 25 9
14 26 14
14 27 4
14 28 9
14 29 -2
14 30 -6
14 31 4
14 32 12
14 33 -12
14 34 -4
14 35 -10
14 36 20
14 37 18
14 38 3
14 39 -13
14 40 -14
14 41 1
14 42 -19
14 43 -19
14 44 -2
14 45 0
14 46 -14
14 47 -19
14 48 8
14 49 -17
14 50 -5
14 51 9
14 52 9
14 53 13
14 54 9
14 55 2
14 56 -4
14 57 -19
14 58 9
14 59 18
14 60 15
14 61 0
14 62 -11
14 63 5
14 64 1
14 65 1
14 66 14
14 67 13
14 68 -12
14 69 -13
14 70 4
14 71 -20
14 72 15
14 73 4
14 74 -2
14 75 6
14 76 3
14 77 -15
14 78 -6
14 79 3
14 80 -6
14 81 -12
14 82 -7
14 83 9
14 84 18
14 85 -17
14 86 -12
14 87 4
14 88 -7
14 89 -8
14 90 -4
14 91 17
14 92 0
14 93 7
14 94 13
14 95 19
14 96 -12
14 97 -12
14 98 1
14 99 -2
15 16 8
15 17 14
15 18 -3
15 19 20
15 20 -19
15 21 10
15 22 16
15 23 18
15 24 -3
15 25 -11
15 26 -11
15 27 -16
15 28 -9
15 29 -3
15 30 -9
15 31 -4
15 32 -7
15 33 -6
15 34 14
15 35 -14
15 36 10
15 37 11
15 38 2
15 39 17
15 40 -17
15 41 -14
15 42 -12
15 43 2
15 44 16
15 45 -17
15 46 -12
15 47 -8
15 48 -8
15 49 -11
15 50 -11
15 51 -10
15 52 6
15 53 4
15 54 19
15 55 18
15 56 7
15 57 -19
15 58 19
15 59 -18
15 60 0
15 61 -9
15 62 -2
15 63 -1
15 64 -9
15 65 -4
15 66 -10
15 67 -5
15 68 14
15 69 19
15 70 -8
15 71 -8
15 72 -11
15 73 12
15 74 19
15 75 17
15 76 -14
15 77 17
15 78 19
15 79 6
15 80 -19
15 81 -2
15 82 8
15 83 -19
15 84 17
15 85 13
15 86 -18
15 87 -2
15 88 -12
15 89 -5
15 90 18
15 91 6
15 92 16
15 93 -20
15 94 -16
15 95 17
15 96 -9
15 97 18
15 98 7
15 99 18
16 17 13
16 18 -10
16 19 -8
16 20 -14
16 21 -12
16 22 0
16 23 -12
16 24 5
16 25 -3
16 26 12
16 27 17
16 28 9
16 29 6
16 30 -20
16 31 18
16 32 4
16 33 17
16 34 -10
16 35 -1
16 36 -16
16 37 -1
16 38 -7
16 39 -10
16 40 -17
16 41 -18
16 42 -7
16 43 20
16 44 -16
16 45 18
16 46 -12
16 47 13
16 48 10
16 49 13
16 50 -20
16 51 8
16 52 -9
16 53 19
16 54 -15
16 55 19
16 56 16
16 57 -7
16 58 18
16 59 15
16 60 13
16 61 20
16 62 14
16 63 -13
16 64 4
16 65 -1
16 66 -8
16 67 1
16 68 4
16 69 11
16 70 -18
16 71 -10
16 72 5
16 73 12
16 74 -18
16 75 15
16 76 -17
16 77 17
16 78 -18
16 79 15
16 80 -18
16 81 -7
16 82 1
16 83 -15
16 84 8
16 85 3
16 86 -7
16 87 10
16 88 -19
16 89 -5
16 90 8
16 91 -4
16 92 -13
16 93 -6
16 94 12
16 95 -7
16 96 -5
16 97 -1
16 98 -17
16 99 -15
17 18 0
17 19 -1
17 20 -18
17 21 15
17 22 -9
17 23 -4
17 24 -3
17 25 14
17 26 11
17 27 9
17 28 15
17 29 2
17 30 -2
17 31 -14
17 32 18
17 33 1
17 34 3
17 35 10
17 36 -13
17 37 -19
17 38 -13
17 39 11
17 40 5
17 41 -10
17 42 -19
17 43 -8
17 44 -12
17 45 -18
17 46 16
17 47 4
17 48 -16
17 49 4
17 50 -11
17 51 12
17 52 -2
17 53 -11
17 54 19
17 55 6
17 56 10
17 57 18
17 58 -15
17 59 -5
17 60 -9
17 61 -9
17 62 3
17 63 12
17 64 -20
17 65 6
17 66 20
17 67 -6
17 68 14
17 69 15
17 70 -5
17 71 -5
17 72 -7
17 73 2
17 74 -8
17 75 18
17 76 15
17 77 -17
17 78 -4
17 79 0
17 80 4
17 81 -19
17 82 -19
17 83 -14
17 84 -5
17 85 -7
17 86 5
17 87 14
17 88 14
17 89 -16
17 90 13
17 91 -9
17 92 -8
17 93 -10
17 94 -2
17 95 -12
17 96 10
17 97 19
17 98 -9
17 99 1
18 19 -15
18 20 8
18 21 -16
18 22 -4
18 23 20
18 24 -8
18 25 14
18 26 -3
18 27 -12
18 28 -20
18 29 -13
18 30 14
18 31 -1
18 32 -19
18 33 14
18 34 -12
18 35 -15
18 36 -20
18 37 -5
18 38 -5
18 39 14
18 40 18
18 41 -19
18 42 -10
18 43 -17
18 44 16
18 45 0
18 46 8
18 47 12
18 48 12
18 49 -2
18 50 7
18 51 0
18 52 -11
18 53 9
18 54 -17
18 55 12
18 56 -11
18 57 15
18 58 1
18 59 -17
18 60 3
18 61 15
18 62 13
18 63 -17
18 64 -17
18 65 19
18 66 13
18 67 -8
18 68 -19
18 69 10
18 70 -9
18 71 4
18 72 6
18 73 5
18 74 -20
18 75 -3
18 76 -12
18 77 -14
18 78 -11
18 79 18
18 80 -11
18 81 17
18 82 2
18 83 -4
18 84 6
18 85 -9
18 86 -19
18 87 19
18 88 -15
18 89 -2
18 90 -3
18 91 0
18 92 -13
18 93 3
18 94 -16
18 95 15
18 96 -16
18 97 -20
18 98 11
18 99 -4
19 20 -19
19 21 19
19 22 -3
19 23 -4
19 24 2
19 25 -10
19 26 -20
19 27 -3
19 28 7
19 29 -11
19 30 19
19 31 -10
19 32 17
19 33 -20
19 34 3
19 35 -8
19 36 15
19 37 0
19 38 -14
19 39 -7
19 40 -3
19 41 -9
19 42 17
19 43 2
19 44 -5
19 45 6
19 46 -2
19 47 2
19 48 5
19 49 15
19 50 -15
19 51 2
19 52 -19
19 53 -9
19 54 5
19 55 2
19 56 -11
19 57 8
19 58 -9
19 59 0
19 60 4
19 61 -1
19 62 -11
19 63 14
19 64 -20
19 65 5
19 66 -20
19 67 5
19 68 -5
19 69 -10
19 70 12
19 71 3
19 72 -11
19 73 -3
19 74 5
19 75 12
19 76 -10
19 77 4
19 78 -15
19 79 -14
19 80 -11
19 81 -3
19 82 8
19 83 17
19 84 18
19 85 3
19 86 -10
19 87 -5
19 88 -9
19 89 11
19 90 5
19 91 15
19 92 -13
19 93 3
19 94 -5
19 95 -17
19 96 6
19 97 -13
19 98 -17
19 99 -14
20 21 19
20 22 20
20 23 10
20 24 -8
20 25 -4
20 26 18
20 27 20
20 28 -8
20 29 -19
20 30 -12
20 31 2
20 32 -3
20 33 -13
20 34 20
20 35 -14
20 36 6
20 37 -3
20 38 0
20 39 -18
20 40 -10
20 41 3
20 42 -19
20 43 8
20 44 1
20 45 -1
20 46 -11
20 47 5
20 48 19
20 49 13
20 50 -3
20 51 -1
20 52 -11
20 53 3
20 54 11
20 55 -11
20 56 4
20 57 -12
20 58 5
20 59 -4
20 60 11
20 61 3
20 62 5
20 63 14
20 64 1
20 65 -14
20 66 17
20 67 -16
20 68 -9
20 69 0
20 70 -3
20 71 4
20 72 -12
20 73 -17
20 74 0
20 75 14
20 76 9
20 77 -9
20 78 -17
20 79 15
20 80 18
20 81 -17
20 82 -9
20 83 14
20 84 -6
20 85 -17
20 86 16
20 87 -18
20 88 2
20 89 -12
20 90 -19
20 91 -4
20 92 -6
20 93 -3
20 94 -17
20 95 -12
20 96 -11
20 97 -16
20 98 -19
20 99 -2
21 22 4
21 23 -19
21 24 -9
21 25 -8
21 26 -11
21 27 -7
21 28 15
21 29 12
21 30 9
21 31 0
21 32 2
21 33 -16
21 34 9
21 35 18
21 36 -4
21 37 -4
21 38 2
21 39 -13
21 40 20
21 41 12
21 42 -9
21 43 16
21 44 -17
21 45 2
21 46 10
21 47 -10
21 48 -17
21 49 -13
21 50 -10
21 51 -13
21 52 8
21 53 1
21 54 3
21 55 5
21 56 -8
21 57 -17
21 58 -7
21 59 -9
21 60 18
21 61 -3
21 62 -10
21 63 4
21 64 6
21 65 -11
21 66 6
21 67 1
21 68 5
21 69 9
21 70 -4
21 71 -9
21 72 -11
21 73 -2
21 74 9
21 75 -5
21 76 -3
21 77 -11
21 78 1
21 79 -1
21 80 6
21 81 -3
21 82 14
21 83 1
21 84 11
21 85 5
21 86 8
21 87 -2
21 88 1
21 89 -19
21 90 15
21 91 -12
21 92 0
21 93 6
21 94 -13
21 95 -7
21 96 18
21 97 -8
21 98 12
21 99 2
22 23 -1
22 24 -13
22 25 19
22 26 16
22 27 20
22 28 20
22 29 12
22 30 19
22 31 -1
22 32 -7
22 33 -2
22 34 -5
22 35 4
22 36 8
22 37 -4
22 38 6
22 39 4
22 40 9
22 41 -18
22 42 20
22 43 5
22 44 16
22 45 -4
22 46 3
22 47 -20
22 48 -11
22 49 -6
22 50 9
22 51 -7
22 52 0
22 53 3
22 54 5
22 55 -3
22 56 -12
22 57 1
22 58 4
22 59 12
22 60 10
22 61 -10
22 62 19
22 63 -12
22 64 4
22 65 -14
22 66 14
22 67 -17
22 68 2
22 69 -1
22 70 3
22 71 -14
22 72 11
22 73 5
22 74 -11
22 75 -7
22 76 -6
22 77 -16
22 78 5
22 79 -4
22 80 -20
22 81 1
22 82 -20
22 83 -19
22 84 -10
22 85 12
22 86 -5
22 87 -3
22 88 2
22 89 5
22 90 -3
22 91 -15
22 92 12
22 93 -18
22 94 -12
22 95 -7
22 96 -3
22 97 -2
22 98 5
22 99 11
23 24 17
23 25 20
23 26 3
23 27 18
23 28 11
23 29 -17
23 30 15
23 31 14
23 32 -5
23 33 19
23 34 -2
23 35 -18
23 36 -16
23 37 3
23 38 -15
23 39 2
23 40 -7
23 41 -8
23 42 6
23 43 -6
23 44 15
23 45 2
23 46 -13
23 47 -3
23 48 18
23 49 -8
23 50 19
23 51 12
23 52 -11
23 53 16
23 54 -13
23 55 -19
23 56 18
23 57 -1
23 58 -18
23 59 -12
23 60 13
23 61 4
23 62 -19
23 63 -19
23 64 18
23 65 12
23 66 -2
23 67 6
23 68 15
23 69 4
23 70 -5
23 71 11
23 72 5
23 73 6
23 74 -10
23 75 -16
23 76 6
23 77 4
23 78 19
23 79 9
23 80 19
23 81 -11
23 82 -18
23 83 20
23 84 10
23 85 -16
23 86 -13
23 87 13
23 88 -5
23 89 -11
23 90 15
23 91 11
23 92 6
23 93 10
23 94 20
23 95 -1
23 96 -12
23 97 -13
23 98 17
23 99 17
24 25 2
24 26 -18
24 27 4
24 28 -13
24 29 -17
24 30 -13
24 31 12
24 32 9
24 33 6
24 34 -14
24 35 -9
24 36 -4
24 37 -5
24 38 -1
24 39 17
24 40 9
24 41 -18
24 42 -15
24 43 4
24 44 -14
24 45 7
24 46 -14
24 47 19
24 48 -14
24 49 2
24 50 -19
24 51 -14
24 52 14
24 53 -2
24 54 6
24 55 -1
24 56 10
24 57 19
24 58 -9
24 59 20
24 60 17
24 61 3
24 62 9
24 63 -16
24 64 -19
24 65 -4
24 66 14
24 67 -3
24 68 10
24 69 13
24 70 -1
24 71 -11
24 72 -9
24 73 18
24 74 -17
24 75 13
24 76 -10
24 77 0
24 78 -4
24 79 18
24 80 7
24 81 -14
24 82 -3
24 83 -20
24 84 10
24 85 6
24 86 19
24 87 -19
24 88 0
24 89 -10
24 90 19
24 91 2
24 92 12
24 93 -12
24 94 -6
24 95 -2
24 96 10
24 97 16
24 98 19
24 99 16
25 26 0
25 27 -13
25 28 -12
25 29 -14
25 30 7
25 31 0
25 32 10
25 33 5
25 34 -12
25 35 20
25 36 -14
25 37 3
25 38 15
25 39 18
25 40 17
25 41 20
25 42 9
25 43 10
25 44 6
25 45 -11
25 46 0
25 47 14
25 48 8
25 49 -17
25 50 -11
25 51 -18
25 52 7
25 53 10
25 54 -3
25 55 -6
25 56 -9
25 57 0
25 58 7
25 59 -10
25 60 -1
25 61 -12
25 62 -13
25 63 6
25 64 -12
25 65 2
25 66 0
25 67 -20
25 68 10
25 69 17
25 70 4
25 71 20
25 72 -13
25 73 3
25 74 16
25 75 5
25 76 -1
25 77 -2
25 78 15
25 79 -5
25 80 -4
25 81 20
25 82 5
25 83 -15
25 84 -10
25 85 11
25 86 1
25 87 -10
25 88 -2
25 89 -2
25 90 -4
25 91 5
25 92 14
25 93 18
25 94 6
25 95 -15
25 96 16
25 97 9
25 98 3
25 99 -3
26 27 -15
26 28 20
26 29 11
26 30 3
26 31 -9
26 32 -7
26 33 14
26 34 -6
26 35 -19
26 36 4
26 37 -13
26 38 19
26 39 7
26 40 -12
26 41 -16
26 42 7
26 43 11
26 44 0
26 45 -19
26 46 6
26 47 11
26 48 -10
26 49 3
26 50 4
26 51 18
26 52 -18
26 53 5
26 54 -18
26 55 -4
26 56 12
26 57 -13
26 58 0
26 59 18
26 60 -16
26 61 -19
26 62 19
26 63 14
26 64 15
26 65 1
26 66 18
26 67 -10
26 68 -11
26 69 12
26 70 -14
26 71 -10
26 72 -15
26 73 11
26 74 2
26 75 -20
26 76 2
26 77 -4
26 78 16
26 79 4
26 80 5
26 81 -12
26 82 -8
26 83 -18
26 84 -11
26 85 -10
26 86 11
26 87 -10
26 88 10
26 89 -20
26 90 19
26 91 -8
26 92 13
26 93 -20
26 94 2
26 95 -19
26 96 18
26 97 -20
26 98 0
26 99 -19
27 28 -19
27 29 -4
27 30 -18
27 31 1
27 32 -15
27 33 2
27 34 7
27 35 -4
27 36 -2
27 37 10
27 38 -3
27 39 -8
27 40 1
27 41 4
27 42 -10
27 43 -4
27 44 -13
27 45 -11
27 46 -11
27 47 -20
27 48 -9
27 49 2
27 50 10
27 51 -16
27 52 1
27 53 9
27 54 -16
27 55 16
27 56 2
27 57 20
27 58 -14
27 59 -18
27 60 -1
27 61 15
27 62 17
27 63 -17
27 64 -9
27 65 17
27 66 -12
27 67 -17
27 68 -20
27 69 13
27 70 19
27 71 -9
27 72 12
27 73 -7
27 74 10
27 75 9
27 76 -7
27 77 -7
27 78 7
27 79 -16
27 80 -11
27 81 12
27 82 -19
27 83 2
27 84 10
27 85 6
27 86 10
27 87 -4
27 88 3
27 89 14
27 90 -12
27 91 19
27 92 -1
27 93 15
27 94 11
27 95 10
27 96 -11
27 97 14
27 98 -3
27 99 -5
28 29 4
28 30 -1
28 31 -19
28 32 -17
28 33 0
28 34 -8
28 35 -7
28 36 -19
28 37 -7
28 38 7
28 39 -13
28 40 14
28 41 9
28 42 9
28 43 18
28 44 -12
28 45 -2
28 46 -11
28 47 20
28 48 -19
28 49 9
28 50 -16
28 51 -19
28 52 4
28 53 -12
28 54 14
28 55 -1
28 56 14
28 57 11
28 58 19
28 59 6
28 60 2
28 61 7
28 62 19
28 63 17
28 64 -4
28 65 -18
28 66 14
28 67 1
28 68 -2
28 69 -15
28 70 8
28 71 -12
28 72 20
28 73 10
28 74 -7
28 75 4
28 76 14
28 77 -13
28 78 12
28 79 10
28 80 7
28 81 17
28 82 15
28 83 -20
28 84 -15
28 85 19
28 86 16
28 87 3
28 88 16
28 89 -6
28 90 11
28 91 -18
28 92 -16
28 93 6
28 94 -17
28 95 5
28 96 -3
28 97 -6
28 98 17
28 99 0
29 30 -17
29 31 11
29 32 3
29 33 -6
29 34 -8
29 35 -13
29 36 18
29 37 7
29 38 -3
29 39 0
29 40 -14
29 41 2
29 42 -17
29 43 18
29 44 7
29 45 -10
29 46 20
29 47 5
29 48 -16
29 49 -6
29 50 2
29 51 7
29 52 -11
29 53 -14
29 54 4
29 55 -18
29 56 19
29 57 13
29 58 -9
29 59 12
29 60 -13
29 61 -13
29 62 -19
29 63 -14
29 64 20
29 65 -20
29 66 -6
29 67 4
29 68 11
29 69 -7
29 70 17
29 71 -19
29 72 18
29 73 4
29 74 4
29 75 19
29 76 4
29 77 1
29 78 1
29 79 16
29 80 -2
29 81 -8
29 82 7
29 83 8
29 84 -12
29 85 -8
29 86 8
29 87 -11
29 88 15
29 89 -6
29 90 2
29 91 2
29 92 11
29 93 10
29 94 19
29 95 1
29 96 7
29 97 0
29 98 -9
29 99 1
30 31 -7
30 32 14
30 33 18
30 34 -2
30 35 10
30 36 9
30 37 1
30 38 12
30 39 0
30 40 15
30 41 -6
30 42 8
30 43 -3
30 44 -11
30 45 16
30 46 2
30 47 8
30 48 20
30 49 -16
30 50 -17
30 51 20
30 52 -7
30 53 -5
30 54 -13
30 55 20
30 56 17
30 57 10
30 58 -7
30 59 15
30 60 -10
30 61 10
30 62 20
30 63 -11
30 64 -14
30 65 7
30 66 12
30 67 -7
30 68 9
30 69 -13
30 70 -15
30 71 4
30 72 2
30 73 3
30 74 -11
30 75 5
30 76 6
30 77 -9
30 78 17
30 79 1
30 80 -15
30 81 -1
30 82 8
30 83 -8
30 84 15
30 85 12
30 86 12
30 87 14
30 88 -8
30 89 -7
30 90 16
30 91 9
30 92 -7
30 93 -13
30 94 -17
30 95 1
30 96 17
30 97 -2
30 98 14
30 99 -4
31 32 2
31 33 20
31 34 -13
31 35 -14
31 36 -18
31 37 -17
31 38 -2
31 39 2
31 40 -11
31 41 17
31 42 14
31 43 -17
31 44 -16
31 45 11
31 46 -8
31 47 -11
31 48 -14
31 49 14
31 50 -16
31 51 -10
31 52 -8
31 53 19
31 54 7
31 55 5
31 56 15
31 57 19
31 58 -6
31 59 -20
31 60 -5
31 61 20
31 62 -7
31 63 12
31 64 -2
31 65 15
31 66 7
31 67 -17
31 68 -2
31 69 -2
31 70 -5
31 71 -10
31 72 -18
31 73 7
31 74 6
31 75 -16
31 76 -8
31 77 15
31 78 1
31 79 -6
31 80 2
31 81 1
31 82 15
31 83 16
31 84 4
31 85 -20
31 86 11
31 87 2
31 88 20
31 89 1
31 90 -14
31 91 6
31 92 -12
31 93 2
31 94 -17
31 95 -20
31 96 17
31 97 -18
31 98 2
31 99 12
32 33 -7
32 34 1
32 35 14
32 36 -13
32 37 18
32 38 -16
32 39 13
32 40 19
32 41 6
32 42 2
32 43 -6
32 44 -20
32 45 -10
32 46 -20
32 47 -7
32 48 8
32 49 10
32 50 -10
32 51 -3
32 52 15
32 53 -12
32 54 -3
32 55 11
32 56 -5
32 57 10
32 58 15
32 59 -15
32 60 -5
32 61 -12
32 62 -14
32 63 -12
32 64 18
32 65 5
32 66 19
32 67 -10
32 68 1
32 69 2
32 70 -2
32 71 -2
32 72 9
32 73 -10
32 74 -17
32 75 -14
32 76 12
32 77 4
32 78 -10
32 79 -3
32 80 10
32 81 -19
32 82 -17
32 83 19
32 84 -17
32 85 7
32 86 -3
32 87 -10
32 88 7
32 89 -14
32 90 10
32 91 4
32 92 17
32 93 19
32 94 6
32 95 -10
32 96 6
32 97 0
32 98 -9
32 99 9
33 34 -19
33 35 4
33 36 -18
33 37 -17
33 38 2
33 39 -5
33 40 5
33 41 -19
33 42 -13
33 43 9
33 44 -17
33 45 -20
33 46 8
33 47 -13
33 48 -8
33 49 20
33 50 -7
33 51 -1
33 52 -4
33 53 17
33 54 -18
33 55 17
33 56 -20
33 57 7
33 58 -19
33 59 12
33 60 -1
33 61 -9
33 62 -8
33 63 -3
33 64 6
33 65 -6
33 66 15
33 67 -2
33 68 -2
33 69 -8
33 70 -19
33 71 17
33 72 -19
33 73 19
33 74 -13
33 75 4
33 76 -2
33 77 -20
33 78 -8
33 79 -6
33 80 -15
33 81 10
33 82 4
33 83 -20
33 84 -20
33 85 16
33 86 -12
33 87 12
33 88 -20
33 89 -2
33 90 20
33 91 15
33 92 -18
33 93 1
33 94 13
33 95 -3
33 96 2
33 97 11
33 98 18
33 99 10
34 35 17
34 36 7
34 37 -20
34 38 -17
34 39 -6
34 40 -18
34 41 14
34 42 -10
34 43 13
34 44 0
34 45 2
34 46 1
34 47 9
34 48 20
34 49 -8
34 50 -14
34 51 -16
34 52 -6
34 53 -17
34 54 -4
34 55 20
34 56 19
34 57 1
34 58 4
34 59 13
34 60 18
34 61 -8
34 62 -18
34 63 18
34 64 14
34 65 -5
34 66 -5
34 67 1
34 68 8
34 69 8
34 70 12
34 71 19
34 72 -3
34 73 -5
34 74 2
34 75 -16
34 76 -2
34 77 13
34 78 -7
34 79 12
34 80 18
34 81 -14
34 82 -13
34 83 -10
34 84 -2
34 85 10
34 86 -8
34 87 10
34 88 19
34 89 14
34 90 -19
34 91 -20
34 92 17
34 93 -13
34 94 13
34 95 -18
34 96 -2
34 97 18
34 98 -14
34 99 8
35 36 -7
35 37 -16
35 38 15
35 39 -18
35 40 -10
35 41 -19
35 42 -11
35 43 -4
35 44 1
35 45 0
35 46 2
35 47 13
35 48 -10
35 49 -19
35 50 14
35 51 15
35 52 -12
35 53 9
35 54 17
35 55 -8
35 56 -4
35 57 6
35 58 6
35 59 -6
35 60 -10
35 61 -14
35 62 -17
35 63 -10
35 64 -18
35 65 18
35 66 -20
35 67 4
35 68 -1
35 69 6
35 70 14
35 71 -4
35 72 -19
35 73 -5
35 74 1
35 75 -16
35 76 -2
35 77 4
35 78 11
35 79 -20
35 80 -8
35 81 12
35 82 -13
35 83 12
35 84 -17
35 85 -1
35 86 -11
35 87 15
35 88 -2
35 89 -9
35 90 -5
35 91 9
35 92 -4
35 93 15
35 94 -13
35 95 -19
35 96 18
35 97 -2
35 98 20
35 99 5
36 37 -5
36 38 -7
36 39 -8
36 40 9
36 41 -14
36 42 -10
36 43 12
36 44 -20
36 45 -8
36 46 3
36 47 8
36 48 11
36 49 11
36 50 16
36 51 11
36 52 -17
36 53 1
36 54 2
36 55 -15
36 56 -12
36 57 -10
36 58 2
36 59 -6
36 60 -8
36 61 -20
36 62 -14
36 63 -1
36 64 5
36 65 -8
36 66 16
36 67 6
36 68 -4
36 69 -9
36 70 1
36 71 -17
36 72 2
36 73 6
36 74 -10
36 75 -1
36 76 -15
36 77 -14
36 78 18
36 79 -13
36 80 -1
36 81 13
36 82 15
36 83 -14
36 84 14
36 85 -20
36 86 15
36 87 20
36 88 5
36 89 -10
36 90 19
36 91 12
36 92 5
36 93 17
36 94 14
36 95 4
36 96 14
36 97 -13
36 98 3
36 99 7
37 38 17
37 39 7
37 40 -5
37 41 9
37 42 6
37 43 -13
37 44 -13
37 45 -13
37 46 -14
37 47 2
37 48 5
37 49 -19
37 50 -1
37 51 -4
37 52 -18
37 53 20
37 54 -19
37 55 8
37 56 18
37 57 11
37 58 19
37 59 13
37 60 2
37 61 9
37 62 16
37 63 15
37 64 8
37 65 16
37 66 -5
37 67 -7
37 68 19
37 69 -18
37 70 -5
37 71 -11
37 72 -17
37 73 -19
37 74 -19
37 75 1
37 76 12
37 77 -19
37 78 -9
37 79 11
37 80 12
37 81 -17
37 82 20
37 83 -19
37 84 -20
37 85 13
37 86 -8
37 87 7
37 88 -13
37 89 19
37 90 -13
37 91 -5
37 92 10
37 93 -6
37 94 16
37 95 -2
37 96 -9
37 97 6
37 98 -3
37 99 11
38 39 -15
38 40 -15
38 41 -20
38 42 -18
38 43 -4
38 44 -18
38 45 -19
38 46 -8
38 47 -15
38 48 1
38 49 6
38 50 -17
38 51 -4
38 52 19
38 53 6
38 54 4
38 55 16
38 56 -14
38 57 -7
38 58 9
38 59 6
38 60 0
38 61 -19
38 62 -15
38 63 -5
38 64 0
38 65 15
38 66 -5
38 67 17
38 68 6
38 69 19
38 70 20
38 71 3
38 72 -18
38 73 -7
38 74 4
38 75 -10
38 76 -15
38 77 -8
38 78 17
38 79 -17
38 80 3
38 81 12
38 82 -10
38 83 -15
38 84 -18
38 85 0
38 86 -14
38 87 8
38 88 13
38 89 2
38 90 19
38 91 -7
38 92 4
38 93 13
38 94 -13
38 95 19
38 96 1
38 97 -4
38 98 -16
38 99 9
39 40 -15
39 41 6
39 42 -14
39 43 11
39 44 -2
39 45 -19
39 46 -14
39 47 -11
39 48 15
39 49 20
39 50 19
39 51 -19
39 52 11
39 53 15
39 54 -5
39 55 -6
39 56 8
39 57 -17
39 58 -4
39 59 1
39 60 -9
39 61 -7
39 62 17
39 63 -12
39 64 -8
39 65 -1
39 66 11
39 67 -14
39 68 -14
39 69 19
39 70 -11
39 71 -17
39 72 5
39 73 -6
39 74 7
39 75 -12
39 76 15
39 77 9
39 78 -8
39 79 -10
39 80 8
39 81 -10
39 82 5
39 83 -15
39 84 -6
39 85 12
39 86 -4
39 87 11
39 88 2
39 89 10
39 90 19
39 91 -10
39 92 18
39 93 0
39 94 15
39 95 -19
39 96 -18
39 97 -1
39 98 -6
39 99 -5
40 41 -9
40 42 -9
40 43 17
40 44 11
40 45 -20
40 46 7
40 47 -10
40 48 6
40 49 -2
40 50 -18
40 51 -17
40 52 -4
40 53 -13
40 54 10
40 55 18
40 56 4
40 57 13
40 58 13
40 59 18
40 60 -18
40 61 -15
40 62 17
40 63 11
40 64 4
40 65 20
40 66 -1
40 67 -18
40 68 -4
40 69 9
40 70 12
40 71 -17
40 72 2
40 73 -12
40 74 7
40 75 1
40 76 0
40 77 10
40 78 -17
40 79 -20
40 80 16
40 81 -5
40 82 -20
40 83 14
40 84 -10
40 85 -9
40 86 19
40 87 -16
40 88 10
40 89 -18
40 90 14
40 91 18
40 92 10
40 93 9
40 94 6
40 95 19
40 96 -2
40 97 3
40 98 -13
40 99 12
41 42 -15
41 43 -7
41 44 -12
41 45 4
41 46 -4
41 47 -1
41 48 -6
41 49 17
41 50 17
41 51 7
41 52 -12
41 53 -13
41 54 -6
41 55 0
41 56 -14
41 57 -6
41 58 10
41 59 -10
41 60 -18
41 61 17
41 62 8
41 63 16
41 64 -4
41 65 -2
41 66 -8
41 67 7
41 68 -6
41 69 12
41 70 -9
41 71 20
41 72 14
41 73 20
41 74 -4
41 75 -2
41 76 9
41 77 -10
41 78 -12
41 79 17
41 80 0
41 81 14
41 82 -2
41 83 20
41 84 -1
41 85 14
41 86 4
41 87 5
41 88 10
41 89 5
41 90 16
41 91 11
41 92 12
41 93 19
41 94 0
41 95 -18
41 96 -1
41 97 -14
41 98 -11
41 99 13
42 43 -5
42 44 17
42 45 17
42 46 -13
42 47 -16
42 48 5
42 49 9
42 50 -15
42 51 18
42 52 14
42 53 -4
42 54 -7
42 55 -18
42 56 -6
42 57 7
42 58 1
42 59 5
42 60 -8
42 61 19
42 62 -14
42 63 1
42 64 2
42 65 3
42 66 -5
42 67 12
42 68 -18
42 69 15
42 70 -10
42 71 8
42 72 14
42 73 -18
42 74 6
42 75 -19
42 76 1
42 77 -4
42 78 -10
42 79 -19
42 80 15
42 81 20
42 82 -15
42 83 -7
42 84 18
42 85 11
42 86 13
42 87 17
42 88 -5
42 89 13
42 90 -3
42 91 12
42 92 11
42 93 5
42 94 6
42 95 -20
42 96 -9
42 97 -6
42 98 20
42 99 -15
43 44 19
43 45 5
43 46 13
43 47 -12
43 48 9
43 49 -5
43 50 -5
43 51 12
43 52 15
43 53 17
43 54 1
43 55 -12
43 56 12
43 57 0
43 58 7
43 59 15
43 60 13
43 61 4
43 62 15
43 63 -9
43 64 15
43 65 -19
43 66 19
43 67 -15
43 68 17
43 69 19
43 70 1
43 71 16
43 72 19
43 73 -5
43 74 17
43 75 -8
43 76 17
43 77 -5
43 78 20
43 79 16
43 80 14
43 81 -8
43 82 -10
43 83 13
43 84 2
43 85 3
43 86 -2
43 87 12
43 88 20
43 89 6
43 90 19
43 91 12
43 92 -11
43 93 -7
43 94 -12
43 95 -3
43 96 9
43 97 -5
43 98 15
43 99 19
44 45 6
44 46 14
44 47 6
44 48 18
44 49 -17
44 50 9
44 51 -14
44 52 -17
44 53 -12
44 54 -11
44 55 17
44 56 -1
44 57 19
44 58 -5
44 59 -2
44 60 -4
44 61 -18
44 62 -1
44 63 -15
44 64 0
44 65 9
44 66 -10
44 67 -8
44 68 7
44 69 11
44 70 -10
44 71 -4
44 72 -9
44 73 -6
44 74 -14
44 75 17
44 76 6
44 77 -13
44 78 20
44 79 0
44 80 -19
44 81 16
44 82 10
44 83 2
44 84 17
44 85 -5
44 86 14
44 87 17
44 88 -14
44 89 4
44 90 16
44 91 6
44 92 -16
44 93 -2
44 94 -7
44 95 -18
44 96 -16
44 97 -6
44 98 7
44 99 2
45 46 10
45 47 -3
45 48 -9
45 49 -13
45 50 18
45 51 -8
45 52 5
45 53 -1
45 54 -18
45 55 13
45 56 -14
45 57 -12
45 58 9
45 59 -18
45 60 4
45 61 -1
45 62 -8
45 63 6
45 64 7
45 65 -7
45 66 6
45 67 8
45 68 20
45 69 3
45 70 -11
45 71 5
45 72 17
45 73 19
45 74 15
45 75 12
45 76 11
45 77 14
45 78 18
45 79 19
45 80 -10
45 81 4
45 82 -14
45 83 -12
45 84 10
45 85 -19
45 86 -16
45 87 4
45 88 -9
45 89 -18
45 90 8
45 91 -10
45 92 -12
45 93 1
45 94 18
45 95 -18
45 96 17
45 97 12
45 98 13
45 99 -8
46 47 -10
46 48 5
46 49 17
46 50 5
46 51 -3
46 52 7
46 53 1
46 54 12
46 55 2
46 56 16
46 57 3
46 58 -6
46 59 8
46 60 -16
46 61 -1
46 62 1
46 63 -20
46 64 -12
46 65 5
46 66 -18
46 67 20
46 68 -8
46 69 -5
46 70 -15
46 71 -12
46 72 10
46 73 -18
46 74 18
46 75 -11
46 76 -11
46 77 12
46 78 -12
46 79 -11
46 80 16
46 81 -13
46 82 10
46 83 16
46 84 -1
46 85 -15
46 86 -18
46 87 13
46 88 -12
46 89 -18
46 90 -14
46 91 -2
46 92 -5
46 93 -9
46 94 10
46 95 13
46 96 2
46 97 -2
46 98 -8
46 99 -9
47 48 2
47 49 -6
47 50 -5
47 51 -5
47 52 15
47 53 4
47 54 0
47 55 -6
47 56 1
47 57 -1
47 58 1
47 59 -11
47 60 18
47 61 19
47 62 -8
47 63 -5
47 64 -6
47 65 -12
47 66 -10
47 67 15
47 68 5
47 69 -13
47 70 -1
47 71 12
47 72 16
47 73 18
47 74 10
47 75 5
47 76 -17
47 77 -8
47 78 3
47 79 1
47 80 -17
47 81 6
47 82 7
47 83 1
47 84 -17
47 85 -6
47 86 -1
47 87 17
47 88 -13
47 89 15
47 90 -8
47 91 7
47 92 -7
47 93 16
47 94 -2
47 95 -4
47 96 6
47 97 -19
47 98 -19
47 99 1
48 49 0
48 50 10
48 51 1
48 52 -2
48 53 -5
48 54 8
48 55 15
48 56 -5
48 57 -11
48 58 1
48 59 -1
48 60 -5
48 61 7
48 62 7
48 63 -18
48 64 11
48 65 3
48 66 -8
48 67 -1
48 68 -15
48 69 16
48 70 5
48 71 18
48 72 -12
48 73 10
48 74 -8
48 75 -14
48 76 17
48 77 -14
48 78 20
48 79 -19
48 80 8
48 81 20
48 82 19
48 83 -5
48 84 6
48 85 -14
48 86 -17
48 87 7
48 88 7
48 89 19
48 90 7
48 91 -17
48 92 -15
48 93 8
48 94 -4
48 95 12
48 96 3
48 97 16
48 98 -5
48 99 -2
49 50 -5
49 51 10
49 52 -12
49 53 -17
49 54 -1
49 55 4
49 56 -10
49 57 -5
49 58 -16
49 59 16
49 60 -8
49 61 4
49 62 -17
49 63 -14
49 64 -11
49 65 -10
49 66 -17
49 67 7
49 68 14
49 69 4
49 70 -7
49 71 15
49 72 11
49 73 -6
49 74 10
49 75 -17
49 76 7
49 77 -15
49 78 15
49 79 -15
49 80 3
49 81 2
49 82 7
49 83 -13
49 84 11
49 85 14
49 86 14
49 87 -7
49 88 13
49 89 -16
49 90 -13
49 91 -18
49 92 -14
49 93 -6
49 94 -13
49 95 0
49 96 11
49 97 -5
49 98 19
49 99 -3
50 51 -8
50 52 -11
50 53 -18
50 54 14
50 55 4
50 56 18
50 57 1
50 58 -12
50 59 20
50 60 9
50 61 -7
50 62 -20
50 63 13
50 64 -4
50 65 13
50 66 20
50 67 -12
50 68 18
50 69 16
50 70 -16
50 71 12
50 72 -20
50 73 -16
50 74 11
50 75 -19
50 76 -6
50 77 -1
50 78 -15
50 79 0
50 80 6
50 81 15
50 82 0
50 83 16
50 84 -17
50 85 14
50 86 9
50 87 2
50 88 11
50 89 13
50 90 9
50 91 13
50 92 -9
50 93 -20
50 94 -12
50 95 0
50 96 -16
50 97 13
50 98 -17
50 99 -17
51 52 -6
51 53 -3
51 54 8
51 55 4
51 56 7
51 57 -12
51 58 2
51 59 9
51 60 -16
51 61 -15
51 62 -9
51 63 -4
51 64 -14
51 65 -5
51 66 -16
51 67 -15
51 68 3
51 69 -2
51 70 -4
51 71 8
51 72 2
51 73 20
51 74 -15
51 75 -11
51 76 2
51 77 -12
51 78 10
51 79 -3
51 80 7
51 81 11
51 82 7
51 83 -13
51 84 -3
51 85 -3
51 86 17
51 87 5
51 88 6
51 89 -3
51 90 10
51 91 -15
51 92 -5
51 93 5
51 94 6
51 95 16
51 96 -6
51 97 -10
51 98 -1
51 99 -2
52 53 13
52 54 -11
52 55 2
52 56 18
52 57 -20
52 58 1
52 59 -19
52 60 12
52 61 9
52 62 18
52 63 -12
52 64 12
52 65 18
52 66 -10
52 67 -12
52 68 9
52 69 -18
52 70 0
52 71 16
52 72 17
52 73 -3
52 74 11
52 75 -10
52 76 3
52 77 -2
52 78 -4
52 79 -15
52 80 10
52 81 1
52 82 -17
52 83 20
52 84 13
52 85 17
52 86 -17
52 87 -4
52 88 -4
52 89 0
52 90 -3
52 91 0
52 92 20
52 93 13
52 94 15
52 95 -8
52 96 10
52 97 15
52 98 4
52 99 13
53 54 -9
53 55 -13
53 56 -11
53 57 11
53 58 9
53 59 -6
53 60 2
53 61 -6
53 62 11
53 63 8
53 64 20
53 65 -10
53 66 7
53 67 11
53 68 -20
53 69 -18
53 70 19
53 71 8
53 72 13
53 73 13
53 74 -19
53 75 4
53 76 6
53 77 1
53 78 -3
53 79 -19
53 80 18
53 81 4
53 82 -2
53 83 -12
53 84 -16
53 85 1
53 86 -10
53 87 -4
53 88 -12
53 89 0
53 90 -7
53 91 3
53 92 0
53 93 -11
53 94 -20
53 95 13
53 96 -8
53 97 -18
53 98 4
53 99 1
54 55 -5
54 56 -2
54 57 15
54 58 14
54 59 -7
54 60 17
54 61 9
54 62 -10
54 63 -4
54 64 10
54 65 -15
54 66 -19
54 67 7
54 68 -2
54 69 17
54 70 -12
54 71 8
54 72 -12
54 73 17
54 74 6
54 75 -10
54 76 -18
54 77 -7
54 78 -6
54 79 -14
54 80 14
54 81 14
54 82 7
54 83 20
54 84 -14
54 85 4
54 86 7
54 87 -17
54 88 -15
54 89 6
54 90 16
54 91 -3
54 92 -3
54 93 -4
54 94 -10
54 95 3
54 96 17
54 97 -7
54 98 -6
54 99 8
55 56 -11
55 57 -7
55 58 6
55 59 2
55 60 14
55 61 4
55 62 -4
55 63 -19
55 64 20
55 65 9
55 66 -5
55 67 -12
55 68 16
55 69 5
55 70 -13
55 71 8
55 72 -3
55 73 4
55 74 6
55 75 -9
55 76 3
55 77 -15
55 78 -10
55 79 -7
55 80 -14
55 81 -20
55 82 19
55 83 -9
55 84 11
55 85 -13
55 86 12
55 87 2
55 88 12
55 89 -8
55 90 -1
55 91 -5
55 92 -5
55 93 4
55 94 -3
55 95 -5
55 96 18
55 97 11
55 98 -3
55 99 -1
56 57 -13
56 58 19
56 59 -12
56 60 20
56 61 -2
56 62 -20
56 63 5
56 64 -3
56 65 -16
56 66 14
56 67 6
56 68 -12
56 69 16
56 70 -9
56 71 5
56 72 -20
56 73 18
56 74 -20
56 75 0
56 76 17
56 77 11
56 78 17
56 79 -7
56 80 8
56 81 -18
56 82 11
56 83 8
56 84 14
56 85 10
56 86 -15
56 87 15
56 88 -2
56 89 14
56 90 -20
56 91 8
56 92 -4
56 93 -20
56 94 -19
56 95 0
56 96 -8
56 97 12
56 98 -18
56 99 7
57 58 4
57 59 9
57 60 14
57 61 -20
57 62 7
57 63 15
57 64 3
57 65 8
57 66 -8
57 67 14
57 68 12
57 69 4
57 70 -9
57 71 6
57 72 19
57 73 9
57 74 -18
57 75 -6
57 76 10
57 77 -4
57 78 10
57 79 -8
57 80 3
57 81 -5
57 82 -12
57 83 16
57 84 -13
57 85 -16
57 86 -18
57 87 5
57 88 -9
57 89 -19
57 90 -20
57 91 13
57 92 2
57 93 14
57 94 -10
57 95 -15
57 96 -3
57 97 -13
57 98 -10
57 99 -2
58 59 -12
58 60 -7
58 61 -14
58 62 -11
58 63 13
58 64 0
58 65 -6
58 66 -12
58 67 -9
58 68 17
58 69 5
58 70 17
58 71 -1
58 72 14
58 73 -18
58 74 15
58 75 -1
58 76 -9
58 77 -14
58 78 15
58 79 2
58 80 -9
58 81 10
58 82 -7
58 83 -1
58 84 -8
58 85 -9
58 86 14
58 87 -18
58 88 15
58 89 0
58 90 16
58 91 9
58 92 -2
58 93 14
58 94 -16
58 95 6
58 96 1
58 97 -19
58 98 -17
58 99 0
59 60 -7
59 61 -5
59 62 -8
59 63 2
59 64 -12
59 65 -3
59 66 4
59 67 -11
59 68 -16
59 69 -12
59 70 18
59 71 20
59 72 -2
59 73 -9
59 74 15
59 75 16
59 76 8
59 77 20
59 78 -11
59 79 -15
59 80 17
59 81 -13
59 82 -4
59 83 19
59 84 17
59 85 8
59 86 -14
59 87 13
59 88 -4
59 89 -6
59 90 -12
59 91 18
59 92 15
59 93 -7
59 94 -16
59 95 -13
59 96 2
59 97 15
59 98 -10
59 99 16
60 61 -17
60 62 16
60 63 -13
60 64 17
60 65 -8
60 66 -16
60 67 -10
60 68 -1
60 69 2
60 70 -16
60 71 -10
60 72 7
60 73 13
60 74 -1
60 75 -16
60 76 -13
60 77 9
60 78 0
60 79 -1
60 80 -5
60 81 -10
60 82 -5
60 83 -17
60 84 17
60 85 3
60 86 18
60 87 -11
60 88 -1
60 89 -11
60 90 6
60 91 6
60 92 -3
60 93 0
60 94 -18
60 95 1
60 96 14
60 97 -10
60 98 -15
60 99 -19
61 62 20
61 63 8
61 64 6
61 65 13
61 66 18
61 67 -15
61 68 -16
61 69 5
61 70 -1
61 71 16
61 72 -8
61 73 -18
61 74 -1
61 75 3
61 76 7
61 77 -20
61 78 -7
61 79 -17
61 80 -3
61 81 -6
61 82 2
61 83 7
61 84 15
61 85 9
61 86 19
61 87 -14
61 88 18
61 89 -17
61 90 -15
61 91 -20
61 92 3
61 93 -2
61 94 18
61 95 -11
61 96 -13
61 97 -20
61 98 -17
61 99 -5
62 63 -20
62 64 11
62 65 -2
62 66 -19
62 67 -3
62 68 -1
62 69 10
62 70 12
62 71 12
62 72 -4
62 73 -20
62 74 17
62 75 -9
62 76 -9
62 77 0
62 78 -17
62 79 0
62 80 -20
62 81 9
62 82 -2
62 83 15
62 84 17
62 85 1
62 86 -3
62 87 -16
62 88 19
62 89 -6
62 90 -5
62 91 -18
62 92 3
62 93 -12
62 94 -13
62 95 -11
62 96 11
62 97 -8
62 98 -5
62 99 -18
63 64 19
63 65 18
63 66 9
63 67 -6
63 68 20
63 69 12
63 70 -12
63 71 -8
63 72 -14
63 73 -20
63 74 -11
63 75 11
63 76 17
63 77 -14
63 78 4
63 79 -19
63 80 -13
63 81 -2
63 82 -2
63 83 6
63 84 4
63 85 -18
63 86 -7
63 87 -16
63 88 19
63 89 19
63 90 15
63 91 14
63 92 -10
63 93 7
63 94 -5
63 95 -18
63 96 -5
63 97 -20
63 98 10
63 99 -12
64 65 -6
64 66 -15
64 67 4
64 68 -20
64 69 -3
64 70 9
64 71 8
64 72 20
64 73 0
64 74 0
64 75 20
64 76 -1
64 77 -13
64 78 20
64 79 20
64 80 -10
64 81 -18
64 82 -5
64 83 -12
64 84 2
64 85 -14
64 86 -15
64 87 14
64 88 -14
64 89 20
64 90 -9
64 91 -3
64 92 7
64 93 -19
64 94 -11
64 95 16
64 96 -16
64 97 -17
64 98 2
64 99 -14
65 66 10
65 67 20
65 68 11
65 69 19
65 70 -1
65 71 3
65 72 15
65 73 7
65 74 -4
65 75 8
65 76 -20
65 77 -11
65 78 5
65 79 14
65 80 -5
65 81 -3
65 82 14
65 83 7
65 84 19
65 85 8
65 86 7
65 87 -15
65 88 9
65 89 -19
65 90 5
65 91 7
65 92 -14
65 93 12
65 94 10
65 95 1
65 96 -19
65 97 3
65 98 -7
65 99 16
66 67 -18
66 68 1
66 69 -16
66 70 15
66 71 -17
66 72 -9
66 73 3
66 74 2
66 75 19
66 76 -2
66 77 7
66 78 4
66 79 -2
66 80 -14
66 81 -6
66 82 18
66 83 -17
66 84 4
66 85 -1
66 86 -14
66 87 16
66 88 -15
66 89 4
66 90 -8
66 91 5
66 92 18
66 93 10
66 94 13
66 95 14
66 96 19
66 97 -13
66 98 -10
66 99 -4
67 68 18
67 69 12
67 70 19
67 71 -11
67 72 8
67 73 -15
67 74 9
67 75 -13
67 76 20
67 77 -19
67 78 17
67 79 18
67 80 6
67 81 5
67 82 -10
67 83 11
67 84 15
67 85 -4
67 86 18
67 87 1
67 88 -4
67 89 18
67 90 18
67 91 11
67 92 -8
67 93 -8
67 94 -18
67 95 2
67 96 -6
67 97 3
67 98 10
67 99 -1
68 69 2
68 70 -7
68 71 -12
68 72 12
68 73 -1
68 74 6
68 75 2
68 76 19
68 77 -12
68 78 -17
68 79 19
68 80 -17
68 81 17
68 82 -20
68 83 -2
68 84 5
68 85 8
68 86 15
68 87 8
68 88 20
68 89 20
68 90 -2
68 91 -14
68 92 -10
68 93 -9
68 94 0
68 95 10
68 96 -1
68 97 -13
68 98 19
68 99 -18
69 70 -7
69 71 -6
69 72 20
69 73 20
69 74 14
69 75 -13
69 76 -16
69 77 -5
69 78 17
69 79 -7
69 80 -15
69 81 -13
69 82 -19
69 83 10
69 84 3
69 85 12
69 86 -2
69 87 -4
69 88 2
69 89 -12
69 90 -11
69 91 8
69 92 -6
69 93 13
69 94 -18
69 95 4
69 96 -1
69 97 14
69 98 10
69 99 0
70 71 -4
70 72 -1
70 73 -16
70 74 -13
70 75 2
70 76 -2
70 77 -13
70 78 -16
70 79 -10
70 80 -7
70 81 -15
70 82 -10
70 83 -1
70 84 -7
70 85 18
70 86 5
70 87 5
70 88 3
70 89 4
70 90 -10
70 91 -9
70 92 -10
70 93 -2
70 94 -14
70 95 7
70 96 -3
70 97 -4
70 98 -11
70 99 -14
71 72 10
71 73 -19
71 74 5
71 75 20
71 76 5
71 77 11
71 78 2
71 79 14
71 80 -2
71 81 7
71 82 1
71 83 -6
71 84 13
71 85 10
71 86 17
71 87 18
71 88 -7
71 89 6
71 90 -5
71 91 14
71 92 18
71 93 -13
71 94 6
71 95 18
71 96 -2
71 97 17
71 98 1
71 99 -9
72 73 12
72 74 12
72 75 20
72 76 1
72 77 10
72 78 4
72 79 4
72 80 18
72 81 20
72 82 9
72 83 -16
72 84 0
72 85 -14
72 86 -19
72 87 -6
72 88 -5
72 89 -1
72 90 -6
72 91 -12
72 92 15
72 93 9
72 94 -9
72 95 12
72 96 -9
72 97 -7
72 98 -1
72 99 18
73 74 -10
73 75 -7
73 76 10
73 77 -14
73 78 -14
73 79 20
73 80 -13
73 81 3
73 82 4
73 83 2
73 84 6
73 85 11
73 86 -18
73 87 3
73 88 16
73 89 -1
73 90 -1
73 91 -1
73 92 4
73 93 1
73 94 -4
73 95 15
73 96 15
73 97 3
73 98 8
73 99 18
74 75 -20
74 76 4
74 77 3
74 78 10
74 79 -4
74 80 -3
74 81 -7
74 82 17
74 83 -18
74 84 -2
74 85 10
74 86 14
74 87 16
74 88 2
74 89 1
74 90 -16
74 91 -11
74 92 12
74 93 6
74 94 -12
74 95 11
74 96 1
74 97 20
74 98 19
74 99 -11
75 76 -14
75 77 -2
75 78 7
75 79 15
75 80 -10
75 81 15
75 82 -17
75 83 -7
75 84 -11
75 85 -9
75 86 19
75 87 2
75 88 -8
75 89 -13
75 90 1
75 91 -4
75 92 19
75 93 -4
75 94 -13
75 95 10
75 96 -15
75 97 -6
75 98 -14
75 99 -7
76 77 1
76 78 -19
76 79 -5
76 80 -18
76 81 16
76 82 -18
76 83 -8
76 84 20
76 85 -3
76 86 -12
76 87 12
76 88 -4
76 89 -9
76 90 15
76 91 11
76 92 -4
76 93 17
76 94 -4
76 95 1
76 96 9
76 97 -13
76 98 3
76 99 1
77 78 -1
77 79 20
77 80 -11
77 81 14
77 82 -15
77 83 -13
77 84 -17
77 85 2
77 86 -3
77 87 14
77 88 20
77 89 -10
77 90 1
77 91 -6
77 92 -1
77 93 9
77 94 -19
77 95 17
77 96 6
77 97 8
77 98 -2
77 99 -12
78 79 -9
78 80 -20
78 81 14
78 82 8
78 83 -12
78 84 -13
78 85 -10
78 86 -17
78 87 19
78 88 4
78 89 -13
78 90 -14
78 91 -6
78 92 7
78 93 -14
78 94 -8
78 95 -7
78 96 -5
78 97 13
78 98 14
78 99 10
79 80 15
79 81 -1
79 82 1
79 83 -17
79 84 -1
79 85 -12
79 86 -9
79 87 -16
79 88 8
79 89 -16
79 90 4
79 91 -1
79 92 -20
79 93 16
79 94 -17
79 95 7
79 96 -10
79 97 14
79 98 7
79 99 -12
80 81 0
80 82 8
80 83 -14
80 84 -19
80 85 -9
80 86 2
80 87 13
80 88 19
80 89 -8
80 90 -5
80 91 12
80 92 -20
80 93 -3
80 94 -19
80 95 20
80 96 1
80 97 -13
80 98 4
80 99 -14
81 82 6
81 83 4
81 84 -3
81 85 19
81 86 17
81 87 -8
81 88 -12
81 89 -5
81 90 -5
81 91 15
81 92 0
81 93 11
81 94 1
81 95 11
81 96 -18
81 97 -11
81 98 14
81 99 -12
82 83 -16
82 84 10
82 85 16
82 86 7
82 87 -16
82 88 10
82 89 6
82 90 18
82 91 13
82 92 -9
82 93 -3
82 94 -2
82 95 4
82 96 17
82 97 -19
82 98 15
82 99 -19
83 84 4
83 85 -4
83 86 13
83 87 -18
83 88 6
83 89 -3
83 90 -9
83 91 9
83 92 -12
83 93 10
83 94 -10
83 95 -2
83 96 17
83 97 8
83 98 0
83 99 8
84 85 5
84 86 -15
84 87 7
84 88 -15
84 89 10
84 90 20
84 91 4
84 92 16
84 93 -15
84 94 -13
84 95 13
84 96 -6
84 97 0
84 98 -13
84 99 -7
85 86 -10
85 87 19
85 88 -17
85 89 3
85 90 20
85 91 -9
85 92 -1
85 93 -9
85 94 -18
85 95 17
85 96 -11
85 97 -6
85 98 4
85 99 13
86 87 2
86 88 14
86 89 -12
86 90 -18
86 91 19
86 92 10
86 93 0
86 94 5
86 95 -14
86 96 12
86 97 -12
86 98 -18
86 99 -2
87 88 5
87 89 -11
87 90 -7
87 91 4
87 92 0
87 93 12
87 94 -3
87 95 18
87 96 11
87 97 -4
87 98 10
87 99 3
88 89 3
88 90 9
88 91 -1
88 92 17
88 93 20
88 94 -9
88 95 -2
88 96 5
88 97 -20
88 98 -11
88 99 10
89 90 -20
89 91 -5
89 92 2
89 93 -5
89 94 -12
89 95 11
89 96 16
89 97 11
89 98 4
89 99 -13
90 91 14
90 92 -12
90 93 -19
90 94 -15
90 95 19
90 96 0
90 97 -11
90 98 12
90 99 -15
91 92 -5
91 93 4
91 94 12
91 95 -7
91 96 14
91 97 18
91 98 -15
91 99 -12
92 93 -16
92 94 -11
92 95 8
92 96 15
92 97 14
92 98 -11
92 99 2
93 94 13
93 95 3
93 96 20
93 97 -4
93 98 9
93 99 -1
94 95 6
94 96 8
94 97 -5
94 98 -20
94 99 -11
95 96 -15
95 97 -10
95 98 1
95 99 -14
96 97 15
96 98 18
96 99 19
97 98 -8
97 99 -8
98 99 -1
