0 2 -13
0 3 -20
0 4 13
0 5 20
0 7 15
0 8 2
0 9 -3
0 11 9
0 12 -18
0 13 -17
0 14 19
0 16 7
0 17 10
0 18 -6
0 19 1
0 20 -19
0 21 -1
0 22 18
0 23 -12
0 24 5
0 25 14
0 26 18
0 27 14
0 29 11
0 30 -10
0 31 -11
0 34 8
0 35 -14
0 37 -14
0 38 -6
0 39 -15
0 40 13
0 42 -12
0 43 -19
0 44 -14
0 45 5
0 46 -18
0 48 -17
0 49 -7
0 50 12
0 51 -15
0 52 -3
0 53 -10
0 54 -19
0 55 -14
0 56 18
0 57 10
0 58 -11
0 59 9
0 61 -15
0 62 -1
0 63 3
0 64 7
0 65 -16
0 66 -4
0 67 -2
0 68 -14
0 69 5
0 70 5
0 71 -4
0 72 -5
0 73 4
0 74 -10
0 75 9
0 76 -18
0 77 -4
0 78 7
0 79 -3
0 80 17
0 81 -12
0 82 -12
0 83 -8
0 84 -8
0 85 17
0 86 -2
0 87 -3
0 88 6
0 89 12
0 90 20
0 91 -11
0 92 -8
0 93 10
0 94 -13
0 95 -19
0 97 -18
0 98 -15
0 99 -11
1 3 14
1 4 1
1 5 20
1 6 -8
1 7 -15
1 9 1
1 10 -19
1 12 8
1 14 6
1 16 -4
1 18 3
1 19 16
1 20 2
1 21 13
1 23 -19
1 25 9
1 27 7
1 28 -4
1 29 -12
1 30 -13
1 31 17
1 32 9
1 33 -16
1 34 -1
1 35 -12
1 36 3
1 37 12
1 38 8
1 39 2
1 40 7
1 41 -11
1 42 -19
1 43 -7
1 44 -5
1 46 18
1 47 -17
1 48 -6
1 49 15
1 50 15
1 51 -4
1 52 -6
1 53 5
1 55 4
1 56 -18
1 57 -11
1 58 4
1 59 14
1 62 -12
1 63 -7
1 64 3
1 65 -2
1 66 -16
1 67 12
1 69 -10
1 70 15
1 71 -19
1 72 18
1 73 -13
1 74 19
1 75 -18
1 77 19
1 78 14
1 80 -10
1 82 -11
1 83 -10
1 84 -4
1 85 2
1 86 -12
1 87 9
1 88 16
1 89 6
1 90 2
1 91 9
1 92 15
1 93 -15
1 94 -11
1 95 0
1 96 -2
1 97 9
1 98 3
1 99 -7
2 4 11
2 5 -14
2 6 18
2 7 -4
2 8 -8
2 9 7
2 10 -14
2 11 7
2 12 -12
2 13 20
2 14 -12
2 15 -5
2 16 14
2 17 10
2 18 -11
2 19 2
2 20 6
2 21 16
2 23 16
2 24 9
2 25 7
2 26 -7
2 27 -18
2 29 20
2 30 1
2 31 -10
2 32 4
2 33 20
2 34 -14
2 35 18
2 36 -5
2 37 -1
2 38 7
2 39 13
2 40 4
2 41 16
2 42 -6
2 43 -1
2 44 -14
2 45 11
2 46 8
2 47 15
2 48 16
2 49 -13
2 50 -3
2 51 -5
2 52 2
2 54 -18
2 55 -11
2 56 -2
2 57 -2
2 58 17
2 60 11
2 61 -6
2 62 18
2 63 2
2 64 -16
2 66 -5
2 67 -9
2 68 -3
2 69 -11
2 70 12
2 71 15
2 72 -6
2 73 5
2 74 0
2 75 12
2 76 1
2 77 -1
2 78 -18
2 79 4
2 80 8
2 81 4
2 82 1
2 83 -4
2 84 -5
2 85 3
2 87 -4
2 89 7
2 90 -18
2 91 -10
2 92 -16
2 93 18
2 94 -14
2 95 13
2 96 -14
2 98 -11
2 99 3
3 4 -8
3 5 4
3 6 0
3 8 11
3 9 6
3 10 1
3 11 5
3 12 -9
3 13 15
3 14 3
3 15 20
3 16 -16
3 17 -4
3 18 -4
3 19 19
3 20 -13
3 21 -17
3 22 1
3 23 -8
3 24 -20
3 25 19
3 26 0
3 27 -5
3 28 4
3 29 4
3 30 18
3 31 -8
3 32 13
3 33 -12
3 34 3
3 35 9
3 36 -18
3 37 -3
3 38 -9
3 40 2
3 41 -13
3 42 16
3 43 -7
3 44 13
3 46 -11
3 48 -9
3 49 10
3 50 3
3 51 20
3 52 12
3 53 5
3 54 -19
3 55 2
3 56 17
3 57 -18
3 58 -13
3 59 -19
3 60 16
3 61 3
3 62 -19
3 63 17
3 64 17
3 65 11
3 66 2
3 67 3
3 68 -15
3 69 -9
3 70 -10
3 71 18
3 72 -4
3 73 5
3 74 -17
3 75 15
3 76 12
3 77 -5
3 78 -4
3 79 -20
3 80 5
3 82 14
3 83 5
3 84 -11
3 85 9
3 86 1
3 88 4
3 89 -7
3 90 13
3 91 12
3 92 -19
3 93 6
3 94 2
3 95 -4
3 96 -10
3 97 -6
3 98 1
3 99 20
4 6 -13
4 7 7
4 8 15
4 10 16
4 11 -15
4 12 16
4 13 -13
4 14 -14
4 16 20
4 17 10
4 18 5
4 19 14
4 20 19
4 21 9
4 22 -1
4 23 20
4 24 1
4 26 -1
4 27 -1
4 28 3
4 29 14
4 30 15
4 32 -11
4 33 -19
4 34 -13
4 35 -7
4 37 9
4 38 -19
4 39 10
4 40 4
4 41 15
4 42 -3
4 43 -8
4 44 -2
4 46 -5
4 47 -14
4 48 0
4 49 11
4 50 -15
4 51 1
4 52 18
4 53 -18
4 54 -1
4 55 15
4 56 -1
4 57 -20
4 58 6
4 59 3
4 60 4
4 62 -17
4 63 -15
4 64 0
4 65 10
4 67 -20
4 68 19
4 70 7
4 72 -10
4 73 -2
4 74 15
4 76 -1
4 77 -4
4 78 18
4 79 -4
4 80 -12
4 81 20
4 82 5
4 83 -19
4 85 16
4 86 -13
4 87 18
4 88 -14
4 89 17
4 90 -4
4 91 10
4 92 -17
4 93 -13
4 94 -13
4 95 -7
4 96 -3
4 97 -13
4 98 11
4 99 -8
5 6 18
5 8 11
5 9 -11
5 10 13
5 11 -6
5 12 -11
5 13 -20
5 14 4
5 15 -4
5 16 -18
5 17 10
5 18 -9
5 19 -13
5 20 18
5 21 4
5 22 -6
5 23 -1
5 24 9
5 25 -3
5 26 2
5 27 -2
5 28 -14
5 29 -17
5 30 -17
5 31 -6
5 32 10
5 33 7
5 34 -7
5 35 -9
5 36 -13
5 37 -7
5 38 3
5 39 3
5 40 -16
5 41 -3
5 42 -9
5 43 -1
5 44 -12
5 45 5
5 46 14
5 47 8
5 49 4
5 50 -10
5 51 -17
5 52 -12
5 53 18
5 54 -20
5 55 -1
5 56 -8
5 57 11
5 58 4
5 59 1
5 60 -1
5 61 -13
5 62 -7
5 63 14
5 64 0
5 66 9
5 67 18
5 68 0
5 69 -12
5 70 -7
5 71 16
5 72 13
5 73 7
5 74 14
5 77 -14
5 78 -7
5 79 -9
5 80 2
5 81 14
5 82 16
5 83 -2
5 84 -20
5 85 4
5 86 -5
5 87 17
5 88 -1
5 89 13
5 90 -3
5 91 3
5 92 17
5 93 6
5 94 7
5 95 0
5 96 -2
5 97 0
5 98 17
5 99 -11
6 7 5
6 9 15
6 10 1
6 11 -6
6 12 -12
6 13 -1
6 14 18
6 15 -5
6 16 -13
6 17 8
6 18 8
6 19 -9
6 20 -8
6 21 -20
6 22 -6
6 23 -8
6 24 13
6 25 -13
6 26 5
6 28 8
6 29 3
6 30 -13
6 31 -11
6 32 10
6 33 6
6 34 -18
6 36 10
6 37 -6
6 38 -4
6 39 -2
6 40 -7
6 41 9
6 42 1
6 43 -15
6 44 9
6 45 -18
6 46 9
6 47 -19
6 48 12
6 49 10
6 50 11
6 51 -8
6 52 -18
6 54 14
6 55 -11
6 56 13
6 58 -4
6 59 -4
6 60 -13
6 61 -13
6 62 -12
6 63 8
6 64 -11
6 65 12
6 66 -3
6 67 -8
6 68 1
6 69 3
6 70 -13
6 71 11
6 72 1
6 73 10
6 74 16
6 75 3
6 76 4
6 77 17
6 78 -4
6 79 8
6 80 -7
6 81 16
6 82 -6
6 83 -20
6 84 -19
6 85 13
6 86 -11
6 87 7
6 88 13
6 89 11
6 90 -14
6 91 8
6 92 3
6 93 17
6 94 -9
6 95 6
6 97 -11
6 99 11
7 8 3
7 9 4
7 10 -9
7 11 -1
7 12 -4
7 13 -12
7 14 -2
7 16 -2
7 17 -17
7 18 -15
7 19 -14
7 20 -3
7 21 14
7 22 -18
7 23 -13
7 24 5
7 25 -6
7 26 -3
7 27 -3
7 28 2
7 29 -4
7 30 14
7 31 -10
7 33 9
7 34 -5
7 35 15
7 36 -17
7 37 18
7 38 16
7 39 -19
7 41 -4
7 42 -10
7 43 -13
7 44 1
7 45 4
7 46 17
7 47 -16
7 48 13
7 49 -1
7 50 -6
7 51 7
7 52 -20
7 53 0
7 54 10
7 55 -6
7 56 11
7 57 -1
7 58 -20
7 59 18
7 60 -9
7 61 -5
7 62 14
7 63 -13
7 64 -3
7 65 4
7 66 20
7 67 0
7 68 13
7 69 -9
7 70 20
7 71 -5
7 72 -4
7 74 10
7 75 -17
7 76 10
7 77 -2
7 78 -1
7 79 -20
7 80 -6
7 81 -8
7 82 4
7 83 9
7 84 9
7 85 18
7 86 -7
7 88 8
7 90 -20
7 91 10
7 92 4
7 93 -13
7 94 16
7 95 17
7 96 -16
7 97 10
7 98 -6
7 99 -20
8 9 -18
8 10 -1
8 11 0
8 12 0
8 13 1
8 15 5
8 16 5
8 17 16
8 18 7
8 19 14
8 21 20
8 22 -20
8 23 9
8 25 15
8 26 -10
8 28 -8
8 29 16
8 30 7
8 32 -3
8 33 18
8 34 -7
8 35 -16
8 36 1
8 37 -12
8 38 2
8 39 -13
8 40 14
8 41 19
8 42 9
8 43 8
8 44 20
8 45 17
8 46 -10
8 47 0
8 48 16
8 49 -16
8 50 9
8 51 -6
8 53 -17
8 54 10
8 56 1
8 57 7
8 58 5
8 59 12
8 60 1
8 61 -18
8 62 15
8 63 -11
8 64 0
8 65 -11
8 66 -11
8 67 -13
8 68 15
8 69 -7
8 70 3
8 71 0
8 72 -20
8 73 -7
8 74 10
8 75 4
8 76 20
8 77 -17
8 78 19
8 79 3
8 80 13
8 81 13
8 82 17
8 83 4
8 84 -16
8 85 10
8 86 0
8 87 -18
8 88 -6
8 89 20
8 90 -14
8 91 7
8 93 7
8 94 11
8 95 17
8 96 -20
8 97 -9
8 98 14
8 99 -16
9 10 14
9 11 -5
9 12 -3
9 13 4
9 14 -5
9 15 -2
9 16 9
9 17 7
9 18 -10
9 19 -8
9 20 13
9 21 -13
9 22 -15
9 23 7
9 24 16
9 26 -18
9 27 0
9 28 16
9 29 5
9 30 1
9 31 11
9 32 15
9 33 12
9 34 11
9 35 -2
9 36 -18
9 37 3
9 38 -5
9 39 9
9 41 -2
9 44 -1
9 45 15
9 46 -6
9 47 15
9 48 9
9 49 0
9 50 -18
9 51 -18
9 52 -1
9 53 12
9 54 18
9 55 -10
9 56 -4
9 58 -5
9 59 -2
9 60 6
9 61 16
9 63 14
9 64 -1
9 65 -20
9 67 -8
9 68 -8
9 69 -17
9 70 11
9 71 -6
9 72 -9
9 73 -11
9 74 20
9 75 1
9 77 11
9 78 -1
9 79 -7
9 80 -2
9 81 15
9 82 20
9 83 -16
9 84 3
9 85 -15
9 86 -20
9 87 -18
9 88 -5
9 89 13
9 90 7
9 91 4
9 92 5
9 93 -18
9 94 -6
9 95 -16
9 96 6
9 97 -19
9 98 -15
9 99 -14
10 11 0
10 12 -10
10 13 13
10 14 -19
10 15 17
10 16 -4
10 17 -1
10 18 13
10 19 -4
10 20 -10
10 21 4
10 22 -1
10 23 12
10 24 -4
10 25 16
10 26 -19
10 28 -4
10 29 -14
10 30 4
10 31 -8
10 32 -1
10 33 0
10 34 5
10 35 -17
10 36 2
10 38 -15
10 39 17
10 40 20
10 42 -16
10 43 -3
10 44 -12
10 45 -15
10 47 4
10 48 11
10 49 -2
10 50 6
10 51 1
10 52 -15
10 53 -5
10 54 18
10 55 -2
10 56 -5
10 59 -12
10 60 -16
10 61 -16
10 64 -15
10 65 -1
10 66 5
10 67 -11
10 68 -5
10 69 11
10 70 -15
10 71 -19
10 72 -1
10 73 -17
10 74 8
10 75 17
10 76 11
10 77 -18
10 78 -20
10 79 -17
10 80 19
10 81 -7
10 82 -20
10 83 -2
10 84 1
10 85 -15
10 86 20
10 88 5
10 89 -9
10 91 2
10 92 -2
10 93 1
10 94 -14
10 95 19
10 96 13
10 97 18
10 98 -7
10 99 -10
11 12 15
11 14 7
11 15 14
11 17 -8
11 18 12
11 19 -1
11 20 12
11 21 10
11 22 20
11 23 6
11 24 -16
11 25 13
11 26 -12
11 27 18
11 28 10
11 29 -18
11 30 -13
11 31 -15
11 32 -9
11 33 19
11 34 -15
11 35 16
11 36 -18
11 37 -20
11 38 -13
11 39 -14
11 40 -10
11 41 6
11 42 -16
11 45 -6
11 46 -5
11 47 4
11 48 -15
11 49 2
11 50 7
11 51 18
11 52 0
11 53 16
11 54 -19
11 55 -9
11 56 10
11 58 11
11 59 -20
11 60 -14
11 61 -17
11 62 1
11 64 -20
11 65 -2
11 66 -9
11 67 -16
11 68 -18
11 69 -12
11 70 -1
11 71 -4
11 72 -13
11 73 -14
11 74 -17
11 75 17
11 76 -15
11 77 -12
11 78 -10
11 79 15
11 80 -11
11 81 -6
11 82 20
11 83 -2
11 84 4
11 85 18
11 86 1
11 87 18
11 88 20
11 89 0
11 90 -4
11 91 3
11 92 -17
11 93 -11
11 94 -19
11 95 10
11 96 -17
11 97 11
11 98 1
11 99 5
12 13 -7
12 14 -14
12 15 -5
12 16 -17
12 17 -10
12 18 5
12 19 -15
12 20 -1
12 21 -10
12 22 -13
12 23 -17
12 24 8
12 25 16
12 26 -20
12 27 -19
12 28 18
12 29 -5
12 30 6
12 31 3
12 33 5
12 34 17
12 35 16
12 36 2
12 37 -16
12 38 -4
12 39 3
12 40 -3
12 41 12
12 42 15
12 43 20
12 44 -5
12 45 6
12 46 -16
12 47 10
12 48 7
12 49 18
12 50 12
12 51 -2
12 52 11
12 53 -17
12 54 15
12 55 7
12 56 -2
12 57 17
12 58 -17
12 59 -15
12 60 -14
12 61 -9
12 62 5
12 63 -19
12 64 7
12 65 -19
12 66 8
12 67 -9
12 68 -4
12 69 17
12 70 -7
12 71 -6
12 72 8
12 73 16
12 74 -14
12 75 -10
12 76 -12
12 77 -3
12 78 16
12 79 -19
12 80 6
12 82 -2
12 84 3
12 85 11
12 86 -16
12 87 15
12 88 6
12 89 16
12 90 -18
12 91 -12
12 93 -15
12 94 -18
12 95 9
12 96 18
12 98 -16
12 99 -8
13 14 -18
13 15 -11
13 16 0
13 17 -11
13 18 -18
13 19 -18
13 20 13
13 21 -11
13 22 -8
13 23 -13
13 24 -8
13 25 8
13 26 14
13 27 -5
13 28 -1
13 29 14
13 30 6
13 31 -18
13 32 13
13 33 7
13 34 -14
13 35 -12
13 36 -18
13 37 6
13 38 16
13 39 5
13 40 0
13 41 7
13 42 -18
13 43 -7
13 44 -20
13 45 17
13 46 -12
13 47 -14
13 49 18
13 50 19
13 51 -13
13 52 -16
13 53 1
13 54 -12
13 55 16
13 56 -3
13 57 -6
13 58 -14
13 59 9
13 61 -17
13 62 3
13 63 20
13 64 -2
13 65 -9
13 66 -17
13 67 -11
13 68 -6
13 69 12
13 70 -11
13 71 -4
13 73 14
13 74 0
13 75 -3
13 76 -15
13 77 -9
13 78 -11
13 80 17
13 81 5
13 82 17
13 83 -2
13 84 9
13 85 2
13 86 20
13 87 14
13 88 17
13 89 1
13 90 -6
13 91 18
13 92 -7
13 93 -8
13 94 0
13 95 -20
13 97 15
13 98 -3
13 99 -4
14 15 -7
14 16 -17
14 17 -8
14 18 4
14 19 19
14 22 -10
14 23 -5
14 24 -3
14 25 18
14 26 -6
14 27 -14
14 28 17
14 29 1
14 30 10
14 31 10
14 33 -20
14 34 1
14 35 -5
14 36 2
14 37 10
14 38 1
14 39 -11
14 40 18
14 41 -3
14 42 0
14 43 6
14 44 4
14 45 -10
14 46 16
14 47 8
14 48 -2
14 49 7
14 50 -11
14 51 -17
14 54 7
14 55 -8
14 57 17
14 59 -11
14 60 -6
14 61 -4
14 62 -14
14 63 -17
14 64 11
14 65 5
14 66 -20
14 67 9
14 68 -10
14 69 9
14 70 -8
14 71 -20
14 72 6
14 73 -19
14 74 -17
14 75 11
14 76 20
14 77 -8
14 79 18
14 80 -3
14 81 -18
14 82 17
14 84 -4
14 86 9
14 87 7
14 89 -20
14 90 -17
14 91 2
14 92 10
14 93 -17
14 94 -6
14 95 18
14 96 7
14 98 18
14 99 -10
15 18 2
15 20 -6
15 21 16
15 22 4
15 23 11
15 24 3
15 25 2
15 26 17
15 27 20
15 28 19
15 29 3
15 30 -18
15 32 12
15 33 -5
15 34 11
15 35 -1
15 36 -3
15 37 13
15 38 18
15 39 -11
15 40 -4
15 41 -14
15 42 -1
15 43 -7
15 44 16
15 45 12
15 46 -3
15 47 8
15 48 -5
15 49 -12
15 50 7
15 51 3
15 52 5
15 53 -18
15 54 13
15 55 -16
15 57 -15
15 58 5
15 59 9
15 61 11
15 62 10
15 63 19
15 64 14
15 65 -3
15 66 -12
15 67 4
15 68 -5
15 69 -15
15 70 10
15 71 -14
15 72 -11
15 73 8
15 74 18
15 75 -13
15 77 -13
15 78 -14
15 79 -18
15 81 12
15 82 1
15 83 -6
15 85 2
15 86 10
15 88 13
15 90 -20
15 91 -20
15 92 12
15 93 5
15 94 -12
15 95 -14
15 96 5
15 98 -7
16 17 -5
16 18 4
16 19 -12
16 20 9
16 21 7
16 22 7
16 23 -6
16 24 6
16 25 15
16 26 -10
16 27 -5
16 28 -10
16 29 -16
16 30 4
16 31 5
16 32 -15
16 33 17
16 34 15
16 35 -12
16 36 10
16 37 16
16 38 -7
16 39 -4
16 40 -11
16 41 -7
16 42 -1
16 43 17
16 44 -5
16 45 11
16 46 5
16 47 -10
16 48 -8
16 49 -12
16 50 5
16 51 -15
16 52 -19
16 53 -7
16 54 9
16 56 13
16 58 20
16 59 -7
16 60 15
16 61 -3
16 62 0
16 63 16
16 65 3
16 67 3
16 68 3
16 69 -10
16 70 -4
16 71 3
16 72 -20
16 73 -2
16 74 -17
16 75 4
16 76 4
16 77 7
16 78 6
16 80 5
16 81 2
16 82 -16
16 83 -9
16 84 -14
16 85 15
16 86 10
16 87 17
16 88 2
16 89 -9
16 90 -17
16 91 2
16 92 -10
16 93 0
16 94 15
16 95 18
16 96 20
16 97 -6
16 98 4
16 99 -8
17 19 -14
17 20 0
17 21 1
17 22 -11
17 23 10
17 24 16
17 25 6
17 26 12
17 27 11
17 28 17
17 29 -1
17 30 -13
17 32 -10
17 33 4
17 35 7
17 36 4
17 37 -12
17 38 14
17 39 -18
17 40 5
17 41 -13
17 42 4
17 43 12
17 44 -3
17 45 -14
17 48 9
17 49 -9
17 50 8
17 51 -19
17 52 15
17 53 1
17 54 2
17 55 19
17 56 12
17 57 13
17 58 20
17 59 -4
17 60 7
17 61 -13
17 62 17
17 63 8
17 64 -15
17 65 12
17 66 11
17 67 -14
17 68 -17
17 69 -13
17 70 18
17 71 -10
17 72 -3
17 73 9
17 74 11
17 75 12
17 76 -1
17 77 -20
17 78 -5
17 79 4
17 80 20
17 82 1
17 83 14
17 85 7
17 87 -18
17 88 18
17 89 4
17 90 -20
17 91 9
17 92 -5
17 93 -14
17 94 13
17 95 -7
17 96 -10
17 97 6
17 98 1
17 99 13
18 19 -7
18 20 17
18 21 -7
18 22 -13
18 24 17
18 25 3
18 26 20
18 27 -13
18 28 11
18 29 -11
18 30 9
18 31 -11
18 32 18
18 33 15
18 34 17
18 36 -15
18 37 -14
18 38 -12
18 39 -7
18 40 14
18 43 2
18 44 11
18 45 13
18 46 -1
18 48 -12
18 49 18
18 50 -10
18 52 12
18 53 -17
18 54 1
18 55 -3
18 57 0
18 58 19
18 59 -20
18 60 7
18 61 -10
18 62 -11
18 63 17
18 64 8
18 65 -6
18 66 14
18 67 -16
18 68 13
18 69 16
18 71 -5
18 72 6
18 73 -2
18 74 -7
18 75 -9
18 76 -16
18 77 0
18 78 -6
18 80 -20
18 81 15
18 82 -19
18 83 10
18 84 4
18 85 18
18 87 -13
18 88 4
18 89 1
18 90 12
18 91 -7
18 92 5
18 93 0
18 94 -14
18 96 11
18 97 3
18 98 -8
18 99 15
19 20 -18
19 21 -12
19 22 -16
19 23 -5
19 24 -18
19 25 6
19 26 -10
19 27 14
19 28 -13
19 29 6
19 30 8
19 31 2
19 32 13
19 33 14
19 35 -14
19 36 -7
19 37 -20
19 38 12
19 39 -10
19 40 -16
19 41 -18
19 42 14
19 43 1
19 44 -10
19 45 2
19 46 1
19 47 17
19 48 13
19 49 -14
19 50 -6
19 51 20
19 52 13
19 53 -3
19 54 14
19 55 -20
19 56 17
19 58 18
19 59 15
19 60 3
19 61 1
19 62 -9
19 63 -14
19 64 -16
19 65 -18
19 66 3
19 67 17
19 69 -10
19 70 6
19 71 -20
19 72 -16
19 73 5
19 74 13
19 77 -9
19 78 15
19 79 6
19 80 19
19 81 13
19 82 -8
19 83 -2
19 84 13
19 85 -11
19 87 -7
19 88 9
19 89 12
19 90 -14
19 91 -1
19 92 3
19 93 -9
19 94 -15
19 95 16
19 96 13
19 97 6
19 98 -3
19 99 -19
20 23 -9
20 24 -11
20 26 4
20 27 -1
20 28 -9
20 29 -10
20 30 -20
20 31 -5
20 32 11
20 33 1
20 34 -19
20 35 -11
20 37 17
20 38 -18
20 39 -18
20 41 18
20 42 -2
20 43 -9
20 44 9
20 45 -7
20 47 20
20 48 13
20 49 -8
20 50 11
20 51 -14
20 52 20
20 53 -12
20 54 12
20 55 -20
20 56 -12
20 57 -18
20 58 -9
20 60 4
20 61 -18
20 62 -4
20 64 -3
20 65 -18
20 66 4
20 67 0
20 68 16
20 69 0
20 70 -20
20 72 18
20 73 0
20 74 8
20 75 3
20 76 1
20 77 12
20 78 12
20 79 -15
20 80 0
20 81 10
20 82 -9
20 83 3
20 84 -17
20 86 15
20 87 -5
20 88 4
20 90 2
20 91 18
20 92 -17
20 95 -17
20 97 19
20 98 -20
20 99 1
21 22 7
21 23 3
21 24 -16
21 25 14
21 26 -10
21 27 0
21 28 13
21 29 -2
21 30 -16
21 32 2
21 33 -3
21 34 20
21 36 -7
21 37 2
21 38 -5
21 39 6
21 40 -13
21 41 1
21 42 10
21 43 -10
21 44 18
21 45 19
21 46 2
21 47 -13
21 48 4
21 49 14
21 50 15
21 51 -14
21 52 19
21 53 18
21 54 10
21 55 -3
21 56 3
21 57 -10
21 58 -10
21 59 -7
21 61 16
21 62 0
21 63 17
21 64 -2
21 65 -2
21 66 -19
21 68 -1
21 69 13
21 70 10
21 71 -5
21 72 -11
21 73 3
21 74 -17
21 75 -4
21 76 17
21 77 3
21 78 -17
21 79 -13
21 80 -14
21 81 -5
21 82 0
21 83 1
21 84 19
21 85 0
21 86 -16
21 87 -20
21 88 18
21 89 -6
21 90 8
21 91 -3
21 92 -6
21 93 8
21 95 2
21 96 -17
21 97 -16
21 98 20
21 99 -1
22 23 -16
22 24 -12
22 25 15
22 26 -11
22 27 11
22 28 15
22 29 -8
22 30 -16
22 31 2
22 32 2
22 33 -14
22 34 -12
22 35 0
22 36 0
22 37 -3
22 38 -10
22 39 6
22 41 -6
22 42 14
22 43 -1
22 44 17
22 45 -3
22 46 2
22 47 -12
22 48 4
22 49 3
22 50 20
22 51 -10
22 52 -17
22 53 12
22 54 3
22 55 19
22 57 -17
22 58 17
22 59 1
22 60 -11
22 62 9
22 63 13
22 64 16
22 65 9
22 66 -17
22 67 18
22 69 -9
22 70 -19
22 71 -18
22 72 -19
22 73 9
22 74 -6
22 75 13
22 76 -8
22 77 19
22 79 -6
22 80 14
22 81 -9
22 83 -15
22 84 -16
22 85 13
22 86 -14
22 87 2
22 88 -15
22 89 -19
22 90 -15
22 91 18
22 92 -10
22 93 4
22 95 7
22 96 -14
22 97 -9
22 98 13
22 99 6
23 24 19
23 26 -2
23 27 18
23 28 13
23 29 3
23 31 -1
23 32 20
23 33 20
23 34 2
23 35 1
23 36 19
23 37 10
23 38 16
23 39 7
23 40 -13
23 41 10
23 42 5
23 43 9
23 44 -18
23 45 10
23 47 -17
23 48 13
23 49 -15
23 50 7
23 51 -7
23 52 17
23 53 3
23 54 -7
23 55 7
23 56 -20
23 57 -12
23 59 11
23 60 11
23 61 -3
23 62 12
23 63 20
23 64 -17
23 65 20
23 67 8
23 68 1
23 69 11
23 70 -9
23 71 9
23 72 5
23 73 10
23 74 -8
23 75 -1
23 76 -20
23 77 14
23 78 1
23 79 6
23 80 -2
23 82 15
23 83 12
23 84 13
23 86 6
23 87 -8
23 88 -20
23 89 6
23 90 -12
23 91 -17
23 92 -8
23 93 18
23 95 0
23 96 15
23 97 9
23 98 17
23 99 14
24 25 -1
24 26 0
24 28 -6
24 29 -15
24 30 -13
24 31 10
24 32 19
24 33 -3
24 35 -6
24 37 -7
24 38 -20
24 39 -9
24 40 17
24 41 14
24 42 6
24 43 8
24 44 -12
24 45 -19
24 46 -16
24 48 14
24 50 17
24 51 8
24 52 -12
24 53 -15
24 54 1
24 55 17
24 57 0
24 58 7
24 59 10
24 60 -13
24 61 -10
24 65 6
24 66 8
24 67 7
24 68 0
24 69 10
24 70 18
24 71 -16
24 72 -5
24 73 -18
24 74 16
24 75 -10
24 76 8
24 77 -2
24 78 17
24 79 1
24 80 -12
24 81 -18
24 82 -9
24 83 -2
24 85 -9
24 86 10
24 87 -10
24 88 -17
24 89 12
24 91 8
24 92 -6
24 93 19
24 94 -11
24 95 8
24 96 -11
24 97 15
24 98 -20
24 99 -7
25 26 5
25 27 6
25 28 -3
25 29 9
25 30 6
25 31 -10
25 32 10
25 33 0
25 34 -4
25 35 15
25 36 -9
25 37 -18
25 38 6
25 39 9
25 40 -6
25 41 5
25 42 16
25 43 11
25 44 -8
25 45 14
25 46 -7
25 47 -7
25 48 -2
25 49 -19
25 50 -17
25 51 -16
25 53 15
25 54 -6
25 55 -8
25 56 -11
25 57 11
25 58 15
25 59 5
25 60 8
25 61 -15
25 62 7
25 63 -17
25 64 18
25 65 4
25 66 -2
25 67 5
25 68 -2
25 69 6
25 70 -16
25 71 0
25 72 16
25 73 2
25 75 5
25 76 -10
25 77 -16
25 78 -2
25 79 -14
25 81 -15
25 82 -11
25 83 -1
25 84 -6
25 85 -10
25 86 -20
25 87 11
25 88 4
25 89 18
25 90 -13
25 91 -8
25 92 16
25 93 20
25 94 7
25 95 -20
25 96 2
25 97 -1
25 98 20
25 99 -4
26 27 -11
26 28 -20
26 29 9
26 30 -7
26 31 7
26 32 6
26 34 2
26 35 1
26 36 -16
26 37 16
26 38 -1
26 39 -6
26 40 14
26 41 2
26 42 6
26 43 17
26 44 12
26 45 0
26 46 10
26 47 0
26 49 -1
26 50 5
26 51 4
26 52 4
26 53 2
26 54 11
26 56 0
26 58 -19
26 59 3
26 60 1
26 61 -16
26 62 -4
26 63 11
26 64 2
26 65 -15
26 66 6
26 67 20
26 68 -15
26 69 -18
26 71 -14
26 73 -18
26 74 15
26 75 -16
26 76 -20
26 77 -2
26 78 12
26 79 8
26 80 -11
26 81 -11
26 82 8
26 83 -10
26 84 -17
26 85 0
26 86 -1
26 87 15
26 89 -16
26 90 18
26 91 18
26 92 20
26 93 -13
26 94 19
26 95 -10
26 96 1
26 97 -1
26 98 -8
26 99 -1
27 28 -7
27 29 17
27 30 4
27 31 12
27 32 17
27 33 15
27 34 -6
27 35 -6
27 36 -3
27 37 13
27 38 -3
27 39 3
27 40 -2
27 42 -18
27 43 10
27 44 5
27 45 0
27 46 14
27 47 9
27 48 20
27 49 9
27 50 -6
27 52 2
27 53 14
27 54 -20
27 55 6
27 56 -2
27 57 14
27 58 12
27 59 14
27 62 4
27 63 -18
27 64 -10
27 66 16
27 68 -19
27 69 20
27 70 0
27 71 11
27 72 3
27 74 -3
27 75 -19
27 76 5
27 78 19
27 79 -14
27 80 -13
27 81 -12
27 82 12
27 84 -8
27 85 -20
27 86 -6
27 87 4
27 88 -7
27 89 9
27 90 -4
27 91 16
27 92 1
27 94 -19
27 95 -13
27 96 -17
27 98 20
27 99 -14
28 30 -16
28 31 -17
28 32 0
28 33 10
28 34 -9
28 35 -8
28 36 -18
28 37 -16
28 38 -10
28 39 -20
28 40 -12
28 42 -13
28 43 -3
28 44 -20
28 45 -17
28 47 4
28 48 10
28 49 13
28 50 -19
28 51 -5
28 52 11
28 53 3
28 54 -4
28 56 -13
28 57 19
28 58 13
28 59 -14
28 60 -1
28 61 11
28 62 13
28 63 -20
28 64 -9
28 65 -8
28 66 -17
28 67 7
28 68 7
28 69 8
28 70 13
28 71 0
28 72 2
28 73 1
28 74 -19
28 75 0
28 76 2
28 77 10
28 78 -11
28 79 -15
28 80 -8
28 81 -11
28 82 2
28 83 13
28 84 20
28 85 0
28 86 -15
28 87 -6
28 88 -20
28 90 10
28 91 2
28 92 -9
28 93 8
28 94 -13
28 95 14
28 96 18
28 97 -2
28 98 -11
28 99 13
29 30 15
29 31 17
29 32 15
29 33 2
29 34 -5
29 35 -15
29 36 -6
29 37 -6
29 38 6
29 39 -13
29 40 -2
29 41 8
29 42 -1
29 43 -11
29 44 11
29 45 -19
29 47 11
29 48 11
29 49 16
29 50 -19
29 51 -9
29 52 15
29 53 -13
29 54 -12
29 55 8
29 56 5
29 57 4
29 59 7
29 61 -3
29 62 9
29 63 9
29 64 20
29 65 4
29 66 0
29 67 13
29 68 17
29 69 15
29 70 13
29 71 4
29 72 -2
29 74 0
29 75 -17
29 76 -3
29 77 14
29 78 20
29 79 -9
29 80 -10
29 81 -19
29 82 0
29 83 -7
29 84 -17
29 85 9
29 86 -19
29 88 7
29 89 11
29 90 15
29 91 -5
29 92 -8
29 93 10
29 94 6
29 95 -9
29 96 13
29 97 -12
29 98 -20
29 99 -15
30 31 13
30 32 -11
30 33 9
30 34 -19
30 35 9
30 36 -18
30 37 -1
30 38 -1
30 39 -6
30 40 2
30 41 14
30 42 -17
30 43 7
30 44 17
30 45 17
30 46 -8
30 48 -9
30 49 17
30 50 -7
30 51 -18
30 52 -14
30 53 11
30 54 -17
30 55 2
30 56 17
30 57 1
30 58 15
30 59 -4
30 60 15
30 61 20
30 62 -18
30 63 -2
30 64 -3
30 65 -10
30 66 -13
30 67 16
30 68 -6
30 69 16
30 70 0
30 71 4
30 73 -18
30 74 -4
30 75 -15
30 76 -2
30 77 -14
30 78 15
30 79 12
30 80 -18
30 81 18
30 82 -2
30 83 9
30 84 12
30 85 15
30 86 7
30 88 12
30 89 9
30 90 -14
30 91 10
30 92 -2
30 93 3
30 94 -16
30 95 9
30 96 -8
30 97 -18
30 98 -4
30 99 9
31 32 1
31 33 12
31 35 19
31 36 -4
31 37 -1
31 38 -7
31 39 15
31 40 -17
31 41 16
31 42 -8
31 43 10
31 44 -9
31 45 -9
31 46 0
31 48 5
31 49 0
31 50 12
31 51 5
31 52 -3
31 53 5
31 54 3
31 55 -20
31 56 15
31 58 13
31 59 10
31 60 -1
31 61 -19
31 62 3
31 63 -2
31 64 -16
31 65 -20
31 66 -17
31 67 -20
31 68 5
31 69 8
31 70 11
31 71 2
31 72 -4
31 73 8
31 74 -8
31 75 13
31 76 7
31 77 -3
31 78 -8
31 79 6
31 80 -14
31 81 -13
31 82 -9
31 83 -18
31 84 14
31 85 -8
31 86 15
31 87 4
31 89 1
31 90 -18
31 91 -1
31 92 9
31 93 19
31 94 -10
31 95 9
31 96 10
31 97 -5
31 98 -3
31 99 18
32 33 13
32 34 0
32 35 17
32 36 15
32 37 -20
32 38 -6
32 39 -7
32 40 8
32 42 20
32 43 -7
32 44 12
32 46 1
32 48 -16
32 50 11
32 51 -18
32 52 5
32 53 2
32 54 -7
32 55 -3
32 56 3
32 57 -15
32 58 -7
32 59 -7
32 60 -12
32 61 17
32 62 5
32 63 -15
32 64 -16
32 65 5
32 66 9
32 67 -20
32 68 11
32 69 -12
32 70 8
32 71 -16
32 72 17
32 73 5
32 74 -19
32 75 19
32 76 14
32 77 -5
32 78 -17
32 79 -9
32 80 -5
32 81 11
32 82 3
32 83 18
32 84 4
32 85 2
32 86 -13
32 87 15
32 88 -2
32 89 19
32 91 13
32 92 -18
32 93 8
32 94 7
32 95 0
32 96 1
32 97 -2
32 98 -4
32 99 -1
33 34 11
33 35 5
33 36 -3
33 37 -16
33 38 -10
33 39 5
33 41 13
33 42 -18
33 43 -15
33 44 -1
33 45 6
33 46 5
33 47 2
33 48 20
33 49 -20
33 50 4
33 51 14
33 52 13
33 53 -6
33 54 -10
33 55 9
33 56 -3
33 57 -8
33 58 1
33 59 3
33 60 6
33 61 15
33 62 -3
33 64 18
33 65 17
33 66 -1
33 67 -2
33 68 2
33 70 14
33 71 14
33 72 -19
33 74 -11
33 75 19
33 76 0
33 78 -9
33 80 3
33 81 -12
33 82 -17
33 83 -3
33 84 7
33 87 -20
33 88 -8
33 89 1
33 90 12
33 91 2
33 92 10
33 93 -14
33 94 -7
33 95 -15
33 96 17
33 97 -5
33 98 1
33 99 8
34 35 13
34 36 5
34 37 5
34 38 -6
34 39 17
34 40 -6
34 41 -14
34 42 13
34 43 -7
34 44 17
34 45 -4
34 46 7
34 47 -12
34 48 16
34 49 17
34 50 17
34 52 -6
34 54 -9
34 55 7
34 56 -5
34 58 5
34 59 -20
34 61 -8
34 62 -14
34 63 -3
34 64 -2
34 65 -9
34 66 -13
34 67 11
34 68 -15
34 69 10
34 70 -11
34 71 18
34 72 15
34 73 -13
34 74 -6
34 75 -5
34 76 20
34 77 -15
34 78 -6
34 79 -9
34 80 -20
34 81 -11
34 82 10
34 83 -18
34 84 19
34 86 10
34 87 -8
34 88 -20
34 89 -16
34 90 -4
34 91 -18
34 92 -11
34 93 -8
34 94 11
34 95 1
34 96 -20
34 97 -3
34 98 15
34 99 3
35 36 -18
35 37 -6
35 38 7
35 39 6
35 40 -13
35 42 -3
35 43 5
35 44 10
35 46 -15
35 47 16
35 48 -4
35 49 -17
35 50 18
35 51 20
35 52 -4
35 53 13
35 54 20
35 55 -8
35 56 -18
35 58 -6
35 59 -14
35 60 -7
35 61 17
35 62 -14
35 63 14
35 64 12
35 65 -5
35 66 -20
35 67 -17
35 68 -6
35 69 13
35 70 -14
35 71 -15
35 72 13
35 73 12
35 74 3
35 75 -13
35 76 -11
35 77 8
35 78 5
35 79 1
35 80 14
35 81 -1
35 82 18
35 84 8
35 85 -3
35 87 9
35 88 4
35 89 17
35 90 12
35 91 -4
35 92 16
35 93 -12
35 94 -20
35 95 -19
35 96 20
35 97 9
35 98 16
35 99 -4
36 37 -6
36 38 -11
36 39 -3
36 40 -13
36 41 -6
36 42 3
36 43 13
36 45 -1
36 46 10
36 47 12
36 48 -8
36 49 -6
36 50 -6
36 51 5
36 52 -20
36 53 -8
36 55 -16
36 56 5
36 57 -10
36 58 19
36 59 -19
36 60 19
36 61 17
36 62 3
36 63 7
36 65 -6
36 66 -9
36 67 -16
36 68 14
36 69 -7
36 70 4
36 71 -9
36 73 15
36 74 13
36 75 -19
36 76 20
36 77 10
36 78 -12
36 79 -8
36 81 20
36 82 -6
36 83 19
36 84 14
36 86 -14
36 87 17
36 88 -8
36 89 -15
36 90 -10
36 91 18
36 92 -14
36 93 -5
36 94 -9
36 95 15
36 96 -1
36 97 -10
36 98 -6
36 99 16
37 38 20
37 39 19
37 40 17
37 41 10
37 42 2
37 43 15
37 44 -13
37 45 -4
37 46 9
37 47 -15
37 48 -16
37 49 -4
37 50 5
37 51 8
37 52 -9
37 53 12
37 54 9
37 55 5
37 56 -18
37 57 10
37 58 0
37 59 19
37 60 -4
37 61 -8
37 62 17
37 64 18
37 65 1
37 67 1
37 68 -19
37 69 -1
37 70 13
37 71 -17
37 72 -20
37 73 -1
37 74 5
37 75 -6
37 77 16
37 78 -9
37 79 18
37 80 -12
37 81 -10
37 82 15
37 83 -17
37 84 3
37 85 7
37 86 0
37 87 -12
37 88 -12
37 89 9
37 90 -12
37 91 12
37 92 -15
37 93 -12
37 94 -13
37 95 -4
37 96 -8
37 97 -1
37 98 -13
37 99 -4
38 39 -16
38 40 -20
38 42 16
38 43 11
38 44 18
38 45 -7
38 46 -16
38 47 -19
38 48 -5
38 49 -4
38 50 -3
38 51 -10
38 52 -11
38 53 2
38 54 9
38 55 8
38 56 -1
38 58 -13
38 59 -8
38 60 -18
38 62 15
38 63 -11
38 64 16
38 65 13
38 66 -13
38 67 -13
38 69 -9
38 70 12
38 71 -15
38 72 15
38 73 8
38 75 -2
38 76 11
38 77 13
38 78 14
38 79 -18
38 80 -6
38 81 10
38 82 -17
38 83 8
38 84 18
38 85 19
38 86 2
38 87 -19
38 88 8
38 89 2
38 90 -11
38 91 19
38 92 -7
38 93 -12
38 94 -3
38 97 6
38 98 19
38 99 7
39 40 -4
39 41 12
39 42 4
39 43 0
39 44 -13
39 45 4
39 46 -4
39 47 -2
39 48 1
39 50 14
39 51 -6
39 52 -1
39 53 6
39 54 8
39 55 2
39 56 -15
39 57 8
39 58 6
39 59 -4
39 60 6
39 61 -2
39 62 6
39 63 10
39 64 12
39 65 -18
39 66 -5
39 67 15
39 68 -14
39 69 -6
39 70 -15
39 71 -17
39 72 -6
39 73 14
39 74 3
39 75 -6
39 76 14
39 77 -6
39 78 -6
39 80 14
39 81 6
39 82 16
39 85 6
39 86 -10
39 87 4
39 88 12
39 89 17
39 90 6
39 91 2
39 92 7
39 94 -4
39 95 -9
39 96 -9
39 97 4
39 98 -3
39 99 -14
40 41 -7
40 42 13
40 43 -9
40 44 -17
40 46 -6
40 47 -1
40 48 16
40 49 -1
40 51 13
40 52 15
40 53 6
40 55 -16
40 56 5
40 57 -7
40 58 -5
40 59 14
40 60 -19
40 61 13
40 62 12
40 63 14
40 64 -18
40 65 -7
40 66 -3
40 67 6
40 68 -20
40 69 7
40 70 6
40 71 20
40 72 -18
40 73 15
40 74 -9
40 75 -13
40 76 -14
40 77 13
40 78 -3
40 79 20
40 80 -6
40 81 20
40 82 -7
40 83 13
40 84 -13
40 86 14
40 87 8
40 88 4
40 89 -15
40 90 -11
40 91 13
40 92 11
40 93 5
40 94 7
40 95 -19
40 96 -4
40 97 10
40 98 5
40 99 -3
41 42 -15
41 43 -16
41 44 -10
41 45 20
41 46 -4
41 47 11
41 48 5
41 49 5
41 50 3
41 52 20
41 53 -17
41 54 -1
41 55 -1
41 56 6
41 57 5
41 58 -20
41 59 -16
41 60 -14
41 62 11
41 63 -17
41 64 1
41 65 -19
41 66 -5
41 67 13
41 68 -7
41 69 -4
41 70 -18
41 71 -12
41 72 -3
41 73 -20
41 74 -4
41 75 -1
41 76 11
41 77 1
41 78 1
41 79 -6
41 80 15
41 81 -18
41 82 16
41 83 -8
41 84 7
41 85 -18
41 86 9
41 87 16
41 88 -1
41 89 -9
41 90 17
41 91 13
41 92 -12
41 93 -20
41 94 -17
41 95 4
41 96 17
41 97 19
41 98 -14
41 99 18
42 43 18
42 44 18
42 45 0
42 46 8
42 47 19
42 48 14
42 49 -19
42 50 -7
42 51 -12
42 52 18
42 53 2
42 54 9
42 55 2
42 56 -8
42 57 15
42 58 7
42 60 6
42 61 -3
42 62 0
42 63 5
42 64 7
42 65 -8
42 67 -12
42 68 1
42 69 1
42 70 16
42 71 -17
42 72 19
42 73 -16
42 74 -20
42 75 -5
42 77 6
42 78 14
42 79 -7
42 80 17
42 81 0
42 82 -5
42 83 15
42 84 17
42 85 -2
42 86 12
42 87 -12
42 88 -9
42 89 -12
42 90 7
42 91 0
42 92 4
42 93 20
42 94 -7
42 95 -1
42 96 5
42 97 3
42 98 -3
42 99 20
43 44 -17
43 45 -6
43 47 -14
43 48 16
43 49 15
43 50 -4
43 51 -20
43 52 15
43 53 17
43 54 -16
43 55 -15
43 56 -10
43 57 11
43 58 17
43 60 12
43 61 -19
43 63 11
43 64 -20
43 65 11
43 66 -17
43 67 8
43 68 17
43 69 -3
43 70 3
43 71 6
43 73 -13
43 74 13
43 75 12
43 76 -16
43 77 4
43 78 -12
43 79 13
43 80 8
43 81 -10
43 82 -12
43 83 6
43 84 15
43 85 -14
43 86 19
43 87 -2
43 89 -20
43 90 17
43 91 20
43 92 16
43 93 10
43 94 -11
43 95 2
43 96 6
43 97 16
43 98 -3
43 99 5
44 45 -17
44 46 -7
44 47 17
44 48 6
44 49 -18
44 50 -15
44 51 20
44 53 11
44 54 13
44 55 -1
44 56 7
44 57 18
44 58 9
44 59 -17
44 60 9
44 61 -15
44 62 -17
44 63 -12
44 64 -10
44 65 -11
44 66 -12
44 67 -6
44 68 -11
44 69 0
44 70 2
44 71 6
44 72 0
44 73 -10
44 74 6
44 75 -16
44 76 10
44 77 15
44 78 -12
44 79 -14
44 81 7
44 82 -14
44 83 7
44 84 18
44 85 13
44 86 19
44 87 3
44 88 -3
44 90 8
44 91 16
44 92 -10
44 93 -12
44 94 -13
44 95 11
44 96 17
44 97 2
44 98 -5
44 99 17
45 46 -8
45 47 1
45 48 2
45 49 19
45 50 -14
45 51 19
45 52 11
45 53 -17
45 54 8
45 55 -19
45 56 -2
45 57 10
45 58 4
45 59 11
45 60 -13
45 61 -12
45 62 4
45 63 13
45 64 9
45 66 -7
45 67 -1
45 68 -13
45 69 6
45 70 -11
45 71 -12
45 73 -8
45 74 18
45 75 -1
45 76 -11
45 77 18
45 78 17
45 79 20
45 80 -1
45 82 4
45 83 18
45 85 11
45 86 16
45 87 20
45 88 2
45 89 -19
45 90 17
45 91 16
45 92 17
45 93 -17
45 94 4
45 95 7
45 96 0
45 97 -2
45 98 3
45 99 -12
46 47 17
46 48 10
46 49 -8
46 50 12
46 51 -3
46 52 20
46 54 15
46 55 -14
46 56 -9
46 57 4
46 58 15
46 59 -18
46 60 15
46 61 -5
46 62 -5
46 63 18
46 64 -16
46 65 -5
46 66 -18
46 67 -13
46 68 -18
46 69 -5
46 70 7
46 71 7
46 72 14
46 73 -13
46 74 -18
46 75 -18
46 76 -18
46 77 5
46 78 -12
46 79 13
46 80 4
46 83 11
46 84 7
46 86 -6
46 87 11
46 88 -12
46 89 -2
46 90 -9
46 91 -10
46 92 -3
46 93 3
46 94 4
46 95 -14
46 96 1
46 98 -16
46 99 8
47 48 8
47 49 -12
47 50 4
47 51 -17
47 52 9
47 53 0
47 54 -18
47 55 20
47 56 -19
47 57 8
47 58 -18
47 59 18
47 60 11
47 61 17
47 62 12
47 63 -17
47 64 -3
47 65 -18
47 66 -1
47 67 10
47 68 7
47 69 -8
47 70 15
47 71 -4
47 72 -19
47 73 -15
47 74 -2
47 75 -6
47 77 11
47 78 -17
47 79 9
47 80 10
47 81 18
47 82 9
47 84 5
47 85 -20
47 86 14
47 87 8
47 88 5
47 89 -16
47 90 4
47 92 11
47 94 15
47 95 2
47 96 -17
47 97 5
47 98 -8
47 99 -1
48 49 11
48 50 0
48 52 -2
48 53 17
48 54 -10
48 55 -14
48 56 -17
48 57 4
48 58 -13
48 59 0
48 60 2
48 61 10
48 62 4
48 63 3
48 65 2
48 66 -14
48 67 -18
48 68 4
48 69 15
48 70 11
48 71 5
48 72 -7
48 73 -11
48 74 18
48 75 4
48 76 -3
48 77 6
48 79 12
48 80 13
48 81 16
48 82 -2
48 83 -11
48 84 -7
48 86 15
48 87 -8
48 88 1
48 90 -13
48 91 1
48 92 4
48 93 -14
48 94 -14
48 95 -8
48 96 -1
48 97 -18
49 50 -2
49 51 1
49 52 0
49 53 -15
49 55 9
49 56 -10
49 57 -8
49 58 -18
49 59 -13
49 60 -8
49 61 -2
49 62 18
49 63 -8
49 64 -17
49 65 -9
49 66 0
49 67 -1
49 68 2
49 69 4
49 70 15
49 71 12
49 72 7
49 73 4
49 74 -5
49 75 2
49 76 -12
49 78 20
49 79 3
49 80 10
49 81 18
49 82 -8
49 83 19
49 84 12
49 85 -16
49 86 -4
49 87 -20
49 88 11
49 89 16
49 90 -20
49 92 11
49 93 -4
49 94 14
49 95 -14
49 96 0
49 97 -15
49 98 8
49 99 -12
50 52 -7
50 53 17
50 54 -1
50 55 4
50 56 -1
50 57 -12
50 58 4
50 59 -18
50 62 14
50 63 5
50 64 5
50 65 -18
50 66 -8
50 67 -18
50 68 0
50 69 -10
50 70 -14
50 71 -7
50 72 -8
50 73 17
50 74 -2
50 75 16
50 76 18
50 77 -8
50 78 19
50 79 -4
50 80 12
50 81 19
50 82 13
50 83 -3
50 84 8
50 85 -10
50 86 18
50 87 -17
50 89 -20
50 90 -2
50 91 -1
50 92 -8
50 93 11
50 94 6
50 95 13
50 96 20
50 97 -12
50 98 15
50 99 3
51 52 -4
51 53 11
51 54 -5
51 55 2
51 56 6
51 57 -16
51 59 -4
51 60 -8
51 61 8
51 62 3
51 63 -9
51 64 -18
51 65 -20
51 66 17
51 67 16
51 68 -5
51 69 16
51 70 10
51 72 -18
51 73 -17
51 74 9
51 75 18
51 76 14
51 77 -13
51 78 5
51 79 -20
51 80 -2
51 81 20
51 82 -9
51 83 -2
51 84 5
51 85 17
51 86 -19
51 87 18
51 88 -5
51 89 -17
51 90 -16
51 91 0
51 92 -4
51 93 -10
51 94 -19
51 95 -18
51 96 -1
51 97 14
51 98 -20
51 99 -3
52 54 -8
52 56 1
52 57 9
52 58 -1
52 59 8
52 60 20
52 61 2
52 62 14
52 63 -11
52 64 -18
52 65 -10
52 66 10
52 67 -6
52 68 -14
52 70 -13
52 72 10
52 73 -1
52 74 15
52 75 1
52 76 -11
52 77 10
52 78 9
52 79 18
52 80 -2
52 81 15
52 82 2
52 83 -10
52 84 1
52 85 5
52 86 -19
52 87 -1
52 88 -10
52 89 12
52 90 7
52 91 -5
52 92 10
52 93 15
52 94 10
52 95 16
52 96 4
52 97 0
52 98 1
52 99 -6
53 54 -9
53 55 -7
53 56 18
53 58 -4
53 59 0
53 60 -16
53 61 0
53 62 -6
53 65 -18
53 66 11
53 67 3
53 68 -7
53 69 8
53 70 -8
53 71 13
53 72 4
53 73 14
53 74 -8
53 75 -3
53 76 -7
53 77 3
53 78 -9
53 79 5
53 80 16
53 81 -4
53 82 -3
53 83 16
53 84 -5
53 85 19
53 86 -1
53 87 8
53 88 -17
53 90 20
53 91 -1
53 92 5
53 93 -5
53 94 -10
53 96 9
53 97 -7
53 98 -6
53 99 16
54 55 -7
54 56 9
54 57 13
54 58 16
54 59 10
54 60 -10
54 61 -9
54 62 -3
54 63 12
54 64 -4
54 65 -11
54 66 -13
54 68 15
54 69 -17
54 70 0
54 72 9
54 73 6
54 74 20
54 75 9
54 76 5
54 77 13
54 78 -13
54 79 14
54 80 19
54 81 13
54 82 8
54 83 5
54 84 -11
54 86 -16
54 88 -13
54 90 1
54 91 -10
54 92 4
54 94 0
54 95 0
54 96 -12
54 97 -14
54 98 6
54 99 5
55 56 -19
55 57 11
55 58 16
55 59 -3
55 60 9
55 63 -20
55 65 -2
55 66 3
55 68 7
55 69 5
55 70 -13
55 71 -10
55 72 -7
55 73 11
55 74 -4
55 75 -2
55 76 -16
55 77 6
55 78 -12
55 79 7
55 80 20
55 82 16
55 83 -20
55 85 11
55 87 0
55 88 -13
55 89 -8
55 90 16
55 91 -3
55 92 19
55 93 -9
55 94 -12
55 95 9
55 97 -9
55 98 -8
55 99 15
56 57 18
56 58 8
56 59 -13
56 60 -3
56 61 13
56 62 9
56 63 -20
56 64 -8
56 65 9
56 66 17
56 67 -6
56 68 11
56 69 9
56 70 -15
56 71 15
56 72 11
56 73 -13
56 74 -18
56 76 -6
56 77 19
56 78 -17
56 79 19
56 81 -3
56 82 8
56 83 0
56 84 20
56 85 16
56 86 5
56 87 -4
56 88 -19
56 89 18
56 90 -9
56 91 -4
56 92 12
56 93 -13
56 94 -1
56 95 19
56 96 6
56 97 -8
56 98 19
56 99 -14
57 58 -6
57 59 11
57 60 6
57 61 2
57 62 -11
57 63 20
57 64 15
57 65 -16
57 66 12
57 67 -9
57 68 11
57 69 9
57 70 6
57 71 -10
57 72 16
57 73 -12
57 74 20
57 75 -2
57 76 5
57 78 -17
57 80 8
57 81 -13
57 82 12
57 83 -5
57 84 -7
57 85 0
57 86 -16
57 87 -9
57 88 -8
57 90 -11
57 91 15
57 92 16
57 93 15
57 94 -9
57 95 19
57 96 -7
57 97 -6
57 98 8
57 99 -4
58 59 -3
58 60 -7
58 61 18
58 62 -16
58 63 -18
58 64 18
58 65 -8
58 66 -16
58 67 -13
58 68 3
58 69 7
58 70 -14
58 71 0
58 72 -11
58 73 6
58 74 -2
58 75 15
58 76 -3
58 77 14
58 78 -5
58 79 19
58 80 15
58 81 13
58 82 19
58 83 0
58 84 18
58 85 11
58 86 1
58 87 18
58 90 17
58 91 -19
58 92 -5
58 93 -7
58 94 11
58 95 -6
58 96 13
58 97 -7
58 98 5
58 99 -20
59 60 -12
59 61 -16
59 62 -12
59 63 5
59 64 -8
59 65 -17
59 66 -8
59 67 20
59 69 2
59 70 8
59 71 -17
59 72 -14
59 73 1
59 75 15
59 76 15
59 77 -3
59 79 19
59 80 19
59 81 15
59 82 -9
59 83 -19
59 84 -2
59 85 9
59 86 17
59 87 12
59 88 14
59 89 16
59 90 18
59 91 -20
59 92 9
59 94 -19
59 95 -4
59 96 2
59 97 -6
59 99 -5
60 61 -18
60 62 2
60 63 19
60 64 4
60 65 12
60 66 -14
60 67 -19
60 68 13
60 69 5
60 70 -2
60 71 6
60 72 20
60 73 -11
60 74 -19
60 75 -11
60 76 -1
60 77 -6
60 79 -5
60 80 6
60 81 12
60 82 1
60 83 9
60 84 13
60 85 -5
60 86 5
60 87 -14
60 88 -9
60 89 -14
60 90 17
60 91 -18
60 92 17
60 93 16
60 94 -20
60 95 12
60 97 2
60 99 -19
61 62 -16
61 63 11
61 64 -1
61 65 -5
61 66 5
61 67 -1
61 68 14
61 69 -18
61 70 -6
61 71 -10
61 72 -4
61 73 7
61 74 7
61 75 5
61 76 12
61 77 6
61 78 8
61 79 16
61 80 19
61 81 -8
61 83 10
61 84 16
61 85 14
61 86 9
61 87 18
61 88 0
61 89 -19
61 90 14
61 92 20
61 93 19
61 94 3
61 95 16
61 96 -12
61 97 -2
61 99 16
62 63 5
62 64 12
62 65 12
62 66 0
62 67 -16
62 68 0
62 69 -3
62 70 -11
62 71 13
62 72 -16
62 73 -1
62 74 -4
62 75 12
62 76 -11
62 77 18
62 78 -10
62 79 13
62 80 18
62 81 -6
62 84 10
62 85 20
62 86 6
62 87 -5
62 88 -7
62 90 9
62 91 11
62 92 -18
62 93 15
62 94 20
62 95 -18
62 96 -3
62 97 -18
62 98 -4
62 99 -15
63 64 14
63 65 -9
63 66 -3
63 67 16
63 68 13
63 70 0
63 71 -2
63 72 -20
63 73 -1
63 74 -2
63 75 2
63 76 -12
63 77 0
63 78 7
63 79 -17
63 80 -14
63 81 19
63 82 0
63 83 19
63 84 -12
63 85 -1
63 86 5
63 87 -15
63 88 14
63 89 -8
63 90 14
63 91 15
63 92 -2
63 93 -1
63 94 11
63 95 -19
63 96 11
63 97 1
63 98 7
63 99 4
64 67 -4
64 68 -8
64 69 2
64 70 -6
64 71 12
64 72 6
64 73 -8
64 74 -12
64 76 -17
64 77 15
64 78 15
64 79 19
64 80 20
64 81 -5
64 82 14
64 83 0
64 84 -18
64 85 16
64 86 -7
64 87 5
64 88 13
64 89 12
64 90 -20
64 91 -13
64 92 -8
64 93 19
64 94 19
64 95 14
64 97 6
64 98 2
64 99 8
65 66 -11
65 67 15
65 68 11
65 69 20
65 70 -17
65 71 -1
65 72 3
65 73 20
65 74 -6
65 75 1
65 76 19
65 77 8
65 79 6
65 80 -2
65 81 -6
65 82 -4
65 83 -6
65 84 -10
65 85 -2
65 86 -13
65 87 20
65 88 9
65 89 5
65 90 -15
65 91 -20
65 92 -5
65 93 5
65 94 5
65 95 5
65 96 19
65 97 17
65 98 1
65 99 18
66 67 -12
66 68 -6
66 69 9
66 70 -18
66 71 4
66 72 -17
66 73 6
66 74 -3
66 75 -7
66 76 20
66 77 -7
66 78 20
66 79 12
66 80 -5
66 82 -3
66 83 14
66 84 -20
66 85 1
66 86 11
66 87 -10
66 89 16
66 90 -5
66 91 -7
66 92 -3
66 93 -14
66 94 -11
66 95 9
66 97 -8
66 98 0
66 99 -20
67 68 15
67 69 -6
67 70 -2
67 71 17
67 72 -11
67 73 17
67 74 5
67 75 7
67 76 -10
67 77 -17
67 78 4
67 79 2
67 80 -3
67 81 13
67 82 -13
67 84 16
67 85 -17
67 86 -5
67 87 -14
67 89 -10
67 90 2
67 91 19
67 92 -11
67 94 -6
67 95 11
67 96 -13
67 97 -7
67 98 6
67 99 9
68 70 -6
68 71 -11
68 72 -11
68 74 0
68 75 -9
68 76 7
68 77 -19
68 78 -12
68 81 9
68 82 13
68 83 -3
68 85 15
68 86 4
68 87 10
68 88 15
68 89 3
68 90 -4
68 91 3
68 92 19
68 93 -14
68 94 10
68 95 20
68 96 -1
68 97 7
68 98 7
69 70 -5
69 71 -6
69 72 16
69 73 -14
69 74 -1
69 75 3
69 76 9
69 77 14
69 78 -6
69 79 17
69 81 -18
69 84 -1
69 85 -18
69 86 16
69 87 14
69 88 -3
69 89 5
69 90 -12
69 91 3
69 92 4
69 93 -19
69 94 -9
69 95 12
69 96 -10
69 98 19
69 99 16
70 71 -7
70 72 7
70 75 16
70 76 19
70 77 -1
70 78 -20
70 79 5
70 80 -7
70 82 -5
70 83 13
70 84 -8
70 85 -17
70 86 -16
70 87 -18
70 88 8
70 89 2
70 90 5
70 91 11
70 92 10
70 93 19
70 95 -8
70 97 13
70 98 6
70 99 17
71 72 -11
71 73 -13
71 74 -13
71 75 -11
71 76 8
71 77 -3
71 78 -17
71 79 5
71 80 -16
71 81 15
71 82 12
71 84 4
71 85 -13
71 86 10
71 87 -1
71 88 -17
71 89 -20
71 90 -4
71 91 16
71 92 -20
71 93 10
71 94 -9
71 95 13
71 96 -11
71 97 -15
71 98 17
71 99 1
72 75 15
72 76 3
72 77 -14
72 78 10
72 80 6
72 81 14
72 82 11
72 83 18
72 84 -16
72 86 -7
72 87 -5
72 88 -19
72 89 -18
72 91 4
72 92 17
72 93 19
72 94 20
72 95 11
72 96 11
72 97 1
72 98 10
72 99 -5
73 74 -6
73 75 -20
73 76 12
73 77 18
73 78 -2
73 80 -12
73 81 -11
73 82 12
73 83 10
73 84 -3
73 85 3
73 86 6
73 87 -16
73 88 20
73 89 -11
73 90 10
73 91 20
73 92 -3
73 93 -10
73 94 -18
73 96 13
73 97 -19
73 98 18
73 99 14
74 75 -4
74 76 1
74 77 10
74 78 -20
74 79 -5
74 80 -14
74 81 18
74 82 -14
74 83 16
74 84 5
74 85 -7
74 86 20
74 87 2
74 88 0
74 89 -15
74 90 -7
74 92 -13
74 93 -10
74 94 -4
74 95 16
74 96 -10
74 97 19
74 98 -9
74 99 -6
75 76 9
75 77 7
75 78 15
75 79 7
75 80 -19
75 81 -1
75 82 20
75 83 -16
75 84 -20
75 86 19
75 87 2
75 88 -3
75 89 1
75 91 -7
75 92 18
75 93 -12
75 94 18
75 95 -15
75 96 19
75 97 -13
75 98 -7
75 99 -1
76 77 -8
76 78 5
76 79 -1
76 80 3
76 82 2
76 83 -10
76 84 7
76 85 3
76 86 10
76 87 13
76 88 8
76 89 -2
76 90 11
76 91 -3
76 92 6
76 93 13
76 94 -14
76 95 17
76 96 -10
76 97 -3
76 98 -10
76 99 -20
77 78 -6
77 79 -3
77 80 5
77 81 13
77 82 19
77 83 17
77 84 -15
77 85 -3
77 86 -18
77 87 15
77 88 -11
77 89 -13
77 90 11
77 91 3
77 92 -19
77 93 13
77 94 0
77 95 2
77 96 -18
77 97 7
77 98 5
77 99 8
78 79 17
78 80 -3
78 82 -1
78 83 15
78 84 20
78 85 1
78 86 5
78 87 3
78 89 18
78 90 13
78 91 -5
78 92 11
78 93 8
78 94 -10
78 95 -9
78 96 10
78 97 9
78 98 -15
78 99 20
79 80 -20
79 81 -1
79 82 11
79 83 -9
79 84 12
79 87 11
79 88 7
79 89 2
79 90 10
79 91 5
79 92 15
79 93 -1
79 95 -11
79 96 15
79 97 17
79 98 10
79 99 10
80 81 16
80 83 5
80 85 -12
80 86 7
80 87 10
80 90 18
80 91 -9
80 92 14
80 93 7
80 94 -20
80 95 -7
80 97 4
80 98 1
80 99 20
81 82 -17
81 83 -18
81 84 -4
81 85 -1
81 86 11
81 87 14
81 88 -5
81 89 -2
81 90 3
81 92 10
81 93 15
81 94 11
81 95 16
81 96 9
81 97 12
81 98 -1
81 99 -20
82 83 -18
82 84 -15
82 85 11
82 86 -14
82 87 -10
82 89 -7
82 90 -8
82 91 13
82 92 -6
82 94 3
82 95 4
82 96 -14
82 97 14
82 98 -15
82 99 -17
83 84 16
83 86 18
83 87 3
83 88 -2
83 89 -19
83 91 5
83 92 10
83 93 4
83 95 0
83 96 1
83 97 4
83 98 3
83 99 -13
84 85 16
84 86 9
84 87 -12
84 88 19
84 89 -9
84 90 15
84 91 14
84 92 -1
84 93 -8
84 94 -5
84 95 -11
84 96 6
84 97 5
84 98 -2
84 99 -15
85 86 -18
85 87 -11
85 88 8
85 89 -5
85 90 3
85 91 10
85 92 -12
85 93 0
85 96 18
85 97 -11
85 98 16
85 99 -16
86 87 0
86 88 8
86 89 -8
86 90 4
86 91 6
86 92 -3
86 93 19
86 94 -18
86 95 -16
86 96 -6
86 97 -3
86 98 1
86 99 -16
87 88 -15
87 89 -17
87 91 -2
87 92 8
87 93 -19
87 94 20
87 95 -19
87 96 -2
87 97 7
87 99 15
88 89 19
88 90 -20
88 91 -14
88 92 -4
88 93 16
88 94 19
88 95 -5
88 96 16
88 97 -1
88 98 0
88 99 -6
89 90 9
89 91 3
89 92 -4
89 93 -8
89 94 2
89 95 -3
89 96 4
89 97 -3
89 98 -7
89 99 -14
90 91 -18
90 92 18
90 94 -8
90 95 -6
90 96 -2
90 97 -10
90 98 10
90 99 17
91 92 -4
91 93 11
91 94 -1
91 95 8
91 96 13
91 97 -18
91 98 18
91 99 -10
92 93 0
92 94 -11
92 95 13
92 96 18
92 97 -11
92 98 18
92 99 16
93 94 6
93 95 2
93 96 20
93 97 -5
93 98 14
93 99 -16
94 95 -20
94 96 8
94 97 5
94 98 15
94 99 -19
95 96 19
95 97 -2
95 98 7
95 99 5
96 97 15
96 98 3
96 99 7
97 99 -19
98 99 -5
