0 10 0
0 22 0
0 43 0
0 85 0
0 86 0
0 97 0
1 20 0
1 73 0
1 79 0
2 41 0
3 17 0
3 39 0
3 66 0
3 88 0
4 12 0
4 14 0
4 24 0
4 40 0
4 75 0
5 62 0
5 87 0
5 92 0
6 16 0
6 75 0
6 85 0
7 34 0
7 55 0
7 63 0
7 68 0
8 33 0
8 98 0
9 16 0
9 25 0
9 35 0
9 65 0
9 91 0
10 58 0
11 28 0
11 38 0
11 41 0
11 47 0
11 55 0
11 79 0
11 88 0
12 19 0
12 23 0
12 56 0
12 65 0
13 46 0
13 55 0
13 74 0
13 82 0
13 93 0
14 18 0
14 52 0
14 57 0
14 66 0
15 68 0
16 83 0
17 79 0
17 86 0
18 19 0
18 30 0
18 61 0
18 63 0
19 37 0
19 43 0
20 33 0
20 66 0
20 85 0
21 48 0
22 62 0
23 39 0
23 77 0
24 60 0
24 91 0
24 96 0
24 98 0
25 72 0
25 78 0
25 85 0
26 29 0
26 39 0
26 76 0
26 88 0
27 29 0
27 45 0
27 54 0
27 58 0
27 65 0
28 76 0
29 41 0
29 42 0
29 83 0
30 49 0
30 71 0
30 81 0
31 53 0
31 81 0
31 82 0
32 46 0
32 64 0
33 49 0
33 64 0
34 49 0
34 59 0
35 74 0
36 65 0
37 51 0
37 52 0
37 91 0
38 42 0
38 62 0
38 92 0
39 65 0
39 74 0
39 90 0
40 41 0
40 65 0
40 69 0
40 75 0
40 78 0
40 94 0
40 96 0
41 60 0
41 66 0
41 71 0
41 72 0
41 91 0
42 55 0
42 80 0
43 48 0
43 62 0
43 78 0
43 91 0
44 47 0
44 83 0
44 98 0
45 84 0
45 92 0
45 95 0
46 66 0
46 77 0
46 94 0
47 60 0
47 71 0
47 75 0
48 69 0
49 63 0
49 88 0
49 92 0
50 51 0
50 66 0
50 82 0
50 96 0
51 66 0
51 77 0
51 81 0
52 60 0
52 75 0
53 72 0
53 98 0
54 73 0
55 58 0
55 64 0
56 78 0
57 60 0
57 71 0
57 80 0
58 72 0
59 90 0
59 95 0
61 68 0
61 69 0
61 79 0
62 74 0
63 71 0
63 75 0
63 88 0
64 78 0
65 84 0
66 97 0
67 68 0
68 81 0
70 76 0
70 81 0
71 90 0
71 91 0
72 94 0
73 75 0
74 78 0
75 77 0
76 96 0
80 99 0
82 93 0
83 92 0
85 93 0
86 91 0
91 98 0
98 99 0
