0 28 0
0 39 0
0 66 0
0 93 0
1 6 0
1 17 0
1 20 0
1 34 0
1 42 0
1 49 0
1 79 0
1 91 0
2 55 0
2 56 0
2 80 0
2 92 0
3 17 0
3 19 0
3 37 0
3 42 0
3 45 0
3 65 0
3 76 0
3 78 0
3 90 0
4 15 0
4 16 0
4 55 0
4 64 0
4 82 0
5 10 0
5 11 0
5 15 0
5 32 0
5 50 0
5 54 0
5 59 0
5 65 0
5 71 0
5 77 0
6 40 0
6 57 0
6 79 0
6 91 0
8 24 0
8 56 0
8 75 0
9 11 0
9 44 0
9 69 0
9 80 0
9 98 0
10 53 0
10 62 0
10 89 0
10 97 0
11 21 0
11 39 0
11 84 0
12 15 0
12 39 0
12 53 0
12 79 0
12 88 0
12 91 0
12 95 0
13 35 0
14 15 0
14 82 0
14 83 0
15 87 0
15 96 0
16 64 0
17 38 0
17 42 0
17 53 0
17 80 0
18 40 0
18 42 0
19 25 0
19 84 0
20 31 0
20 43 0
20 48 0
20 49 0
20 84 0
21 43 0
21 57 0
21 62 0
22 24 0
22 69 0
22 77 0
23 53 0
23 58 0
23 96 0
24 61 0
24 76 0
25 52 0
25 59 0
26 49 0
26 69 0
26 88 0
26 97 0
27 39 0
27 59 0
27 66 0
27 87 0
29 68 0
29 80 0
30 69 0
31 78 0
31 84 0
32 40 0
32 58 0
32 95 0
33 88 0
33 97 0
34 95 0
35 45 0
35 91 0
35 95 0
36 54 0
36 97 0
37 53 0
37 61 0
37 65 0
37 78 0
39 76 0
39 86 0
40 82 0
41 59 0
41 63 0
42 44 0
43 87 0
43 91 0
44 71 0
44 77 0
44 81 0
45 69 0
45 87 0
47 70 0
48 64 0
48 71 0
48 80 0
48 81 0
48 86 0
49 60 0
49 78 0
49 79 0
49 95 0
51 53 0
51 55 0
51 94 0
52 67 0
52 77 0
52 84 0
53 57 0
54 60 0
55 96 0
55 99 0
56 83 0
56 94 0
56 99 0
57 60 0
57 62 0
57 92 0
57 93 0
58 76 0
59 91 0
60 72 0
61 98 0
62 64 0
62 99 0
63 75 0
63 79 0
63 90 0
63 94 0
64 79 0
65 69 0
65 85 0
67 75 0
68 91 0
68 98 0
69 78 0
69 86 0
71 79 0
71 96 0
72 94 0
73 90 0
74 87 0
74 92 0
76 81 0
77 92 0
77 93 0
78 81 0
79 89 0
81 82 0
84 89 0
86 88 0
88 90 0
