0 1 -3
0 3 -1
0 5 -8
0 13 16
0 28 4
0 45 -12
0 52 20
0 64 -1
0 93 -14
0 98 5
1 27 9
1 47 -15
1 77 14
1 84 13
2 43 -5
2 51 7
2 78 -10
2 88 7
2 98 -16
3 21 18
3 50 -8
3 83 -11
4 20 6
4 46 7
4 65 -5
4 67 -7
4 68 -14
5 16 -2
5 24 8
5 32 -17
5 42 7
5 80 2
6 18 -5
6 61 11
6 65 -6
6 66 8
6 83 14
7 51 -20
7 60 0
7 61 -20
7 97 17
8 48 20
8 56 -10
9 30 11
9 55 -18
9 56 13
9 63 -8
9 82 -10
9 87 -17
9 97 20
10 86 11
11 66 4
12 38 19
12 61 -14
13 19 -15
13 57 -15
14 21 2
14 64 16
14 74 -9
15 44 -3
15 47 2
15 83 -17
16 30 2
16 84 1
17 31 -5
17 53 -17
18 28 -3
18 48 -18
18 86 8
19 25 -1
19 65 -20
20 24 -20
20 72 6
21 24 1
21 72 18
22 29 3
22 44 6
22 46 5
22 50 1
22 59 -9
23 51 -3
23 53 11
23 63 14
23 69 11
23 73 18
23 82 -15
24 26 -14
24 53 -17
24 77 -7
24 80 9
25 29 -19
25 41 15
25 45 8
25 72 -14
25 88 -8
26 47 16
26 55 -7
26 56 17
26 59 -11
26 90 -17
27 57 -19
27 58 16
27 91 4
29 57 17
29 64 -11
29 66 -6
30 34 -1
30 47 8
30 96 16
31 69 -20
31 98 18
32 38 8
33 39 19
34 39 3
34 58 13
34 69 12
34 80 -13
34 86 -13
34 97 -10
35 56 14
35 62 2
35 84 0
36 47 -2
36 60 -18
38 78 -17
38 80 4
38 82 16
38 95 -6
39 52 8
39 82 -9
39 92 -12
40 62 14
40 63 10
40 78 -9
41 55 -3
41 57 20
41 65 -5
41 88 -9
41 92 -16
41 96 20
42 77 18
43 83 -12
45 62 -17
46 61 5
46 98 -6
48 62 16
48 73 -16
48 78 -14
48 93 2
49 69 4
49 70 -16
50 68 -6
51 96 -18
51 98 -20
52 90 5
52 93 -20
53 73 -15
53 80 10
54 58 0
54 74 0
54 75 5
54 93 -12
54 98 -15
55 66 20
55 79 -8
55 95 20
56 66 -15
57 98 13
58 79 6
60 73 16
61 62 20
62 63 3
62 92 17
63 82 10
64 88 6
64 96 0
65 77 -12
66 84 19
66 94 -11
67 70 5
67 82 -6
67 98 -18
68 75 18
69 78 18
69 89 6
70 72 -17
70 94 3
72 92 -5
72 94 5
74 75 13
76 83 17
78 96 -14
79 88 -2
81 93 10
84 90 -5
84 92 -5
88 92 -9
88 98 5
90 97 -2
94 98 -19
