0 18 -10
0 53 -11
0 70 7
1 29 -16
1 34 9
1 74 -10
1 90 20
2 4 -18
2 66 17
2 69 9
3 5 -14
3 18 10
3 24 -17
3 27 16
3 89 5
4 68 -6
4 88 -11
5 61 13
5 95 -14
5 98 -1
6 22 -4
6 56 10
6 61 5
6 63 -6
6 66 16
7 26 -11
7 74 -17
7 75 8
7 97 3
7 98 -6
8 25 -15
8 79 0
8 85 -17
8 98 -13
9 55 -19
9 71 9
9 97 -5
10 22 5
10 36 -17
10 62 -5
10 64 13
11 18 16
11 33 14
11 59 12
11 72 -7
11 79 10
12 38 3
12 62 9
12 64 -11
13 61 0
13 62 16
13 67 -17
13 87 8
13 97 20
14 21 -3
14 79 -5
15 17 8
15 25 0
15 53 5
15 81 -4
16 19 5
16 26 12
16 38 -13
16 43 -19
16 72 -15
16 89 -3
17 43 9
17 60 5
19 24 3
19 48 0
19 74 14
19 84 8
19 85 -18
19 92 -3
20 35 6
20 42 8
20 48 13
20 94 -18
21 43 5
21 46 -1
21 99 -5
23 82 4
24 44 9
24 46 -1
24 62 -2
24 76 -19
24 78 -5
24 80 -2
24 87 20
25 32 3
25 37 -2
26 36 -14
26 56 0
26 60 3
26 79 -19
27 47 18
27 83 -4
28 42 -20
28 55 15
28 72 17
28 95 3
29 39 -11
29 58 -18
30 85 8
31 40 -20
31 46 -7
31 61 -4
31 63 3
31 70 13
31 78 -3
32 59 -8
32 68 -3
33 47 6
33 48 7
33 53 -11
33 66 -3
34 54 -2
35 41 19
35 42 -11
35 44 20
35 70 -18
36 50 -5
36 91 12
38 68 -17
38 70 10
38 72 15
38 82 13
39 41 -14
39 72 1
39 77 4
39 88 -11
40 46 -11
40 60 10
40 74 -8
40 99 19
41 54 2
41 87 4
42 79 9
43 63 13
43 75 -6
44 50 9
44 79 -7
44 90 -8
45 48 11
45 53 0
45 66 -12
45 73 2
47 73 6
47 76 20
47 92 6
47 94 -9
48 79 0
49 74 15
49 75 -20
52 81 1
53 84 -17
53 98 -4
54 67 3
54 88 -14
55 76 -20
56 76 -4
56 82 -8
56 95 -12
57 70 1
58 65 -19
58 74 -3
58 90 -15
59 81 -10
59 94 15
60 84 -1
61 81 18
61 91 -10
61 92 19
61 93 2
62 93 -2
63 73 0
63 94 1
64 83 -6
66 91 5
67 73 -4
67 79 -8
67 82 17
67 93 14
67 96 3
68 81 11
69 74 -13
69 88 -11
70 77 -1
70 89 16
71 82 6
73 84 -5
73 99 1
74 76 20
74 80 -2
75 99 3
78 79 16
79 83 -14
79 88 17
81 85 6
83 97 10
